100
13655 10125 -636 1457 -12296 291 14355 14509 463 -7876 -4150 -3437 2150 118 2621 -2358 12204 9109 -14303 12096 4089 4173 -15959 -5448 14645 -3219 -9338 4008 -12629 1194 20278 14990 -1716 -6853 5237 -4380 -6352 4026 -6032 -4128 13006 -7401 5931 -5254 -8135 6207 5803 8327 9528 7748 3322 -13231 -3294 2838 3279 2043 3685 5667 -10605 -4412 3814 -6917 3646 -14770 -3335 4282 -3731 -5282 -11626 -8027 -9956 12806 -3165 5360 21137 573 5218 -3515 1615 -2967 1360 -7940 14833 -1955 12469 15049 -6113 -1842 5845 -1359 9772 6355 -4861 -10268 4096 -8973 -9817 29716 -18481 16100 
1084 7714 7897 -2661 -12423 -12855 154 4120 -753 -2251 100 9043 1474 9812 3458 2389 2437 -4622 -180 -9138 10970 3102 3146 -5572 -4152 11389 3386 187 -12828 -815 -2834 10361 -2465 -309 8768 7711 8571 -935 1443 6510 -2282 2373 -2301 9637 -1516 -4708 5668 1322 -647 -5595 -466 -16739 1717 5916 2873 -2619 11455 -11112 -1112 6084 -10503 -4550 11900 -7276 11764 4465 -1360 -11407 -9670 6101 6017 10997 7913 13755 13117 -251 1506 13061 2055 -4445 -191 -4338 -12119 8315 -3624 11851 1713 -627 -3758 9821 12375 10978 -7678 -6338 -4421 -8232 -10693 3089 2849 5743 
-4975 -20584 2736 -24919 19271 730 -8480 -6565 7498 -25027 9018 13438 -1499 310 -11255 25840 2679 -27207 6029 -13495 5021 -9426 11303 -12236 503 -5708 3109 -107 2518 -9337 7233 991 2185 -25609 -23995 10847 19565 -21926 -1571 5424 -13558 -7056 -19600 7246 6984 9553 -2258 2348 8824 13197 4877 17177 327 -5604 13067 -12164 -4006 6796 7838 9496 -4641 -3259 5721 -1010 6186 9178 12872 6342 26751 19607 14432 9636 1850 6361 3050 2096 2892 1963 3737 -13944 -3927 -1908 -9412 -1619 14649 5345 9566 -987 10905 3010 -19799 -11304 1968 8209 -3640 22776 -1941 -10396 4906 11641 
9502 2602 219 21693 -12990 -29945 1334 -2040 -4170 2585 16421 15227 -3256 -7187 -22169 2395 13866 6399 -3145 -7604 18782 -28237 19872 -3278 -22024 32503 -4562 16587 1642 826 1929 -8561 -17829 -11366 -2654 -4645 12427 5401 -21009 2691 -4138 8137 -626 7279 15521 -11222 12525 19442 14188 6456 -29940 13354 15057 -8093 8417 19812 20601 9514 -7118 2774 -12605 1664 -17233 -229 22047 -12132 -11047 -29318 -15149 -6008 -17320 -167 -4433 -9398 -14155 16658 10223 26204 -12144 11926 -10175 23289 -22094 -9202 7708 -6216 -11105 16921 -19877 -5230 20489 14193 -21271 -11001 -9592 15351 6273 -3197 9897 -1118 
4035 6949 1444 3811 -1018 1928 -6944 1016 -7667 -2078 -4530 -13413 2272 16310 -7246 11827 -22022 -321 -13217 -4787 6340 10795 7209 1354 -6313 3513 9421 -9636 -3546 -12111 6859 2924 4299 -4002 3095 2791 -18867 18607 -425 -8070 16544 9166 1669 -18512 6203 -19519 -1688 -3093 -20725 -7310 7230 -6066 -7969 10909 1429 -5078 -3742 -4489 -20540 -18767 2674 1304 -3224 14021 -1774 18389 -22146 -1238 11804 -8543 2239 9818 7339 -2403 -6931 13146 18473 -10318 12581 10592 -845 -14477 9851 -5565 -258 1100 833 962 -3678 5017 5561 -4141 -2896 4924 -1514 -4080 6845 -6497 -3343 -5145 
-2256 -4190 6197 11304 2929 4171 -1443 -10607 5876 -5621 -8566 -3879 -10596 -27018 20908 -1817 24864 -4641 -1990 13778 -10691 -6218 -3202 18516 4608 5063 -12567 -2450 15422 8751 -6058 -18669 -661 2486 4169 -5235 7735 -9587 1931 10920 2344 -9455 -3076 5286 -7654 10337 -2236 -7518 16770 3706 -6691 18510 12455 -8496 -1168 13039 8160 11554 27247 4585 1752 -3189 -14652 1117 -7426 -20853 16437 6909 -14660 -5542 -18013 -16185 -7367 -14046 -11040 -5245 -14414 373 -18123 -667 6006 19821 -12742 -1826 6394 -14895 -14195 943 -1570 -13225 -375 3149 -3488 -15559 10597 11709 -675 6390 -12167 10436 
3689 765 8517 -1811 -12138 -12307 3459 13971 -3056 -4895 6059 7290 5062 17781 567 10114 -5095 -13863 -8170 -12007 10103 -1366 -623 -9274 -6351 10920 7126 -9814 -17434 -13437 6390 13343 6608 -7371 -1496 4616 15382 2708 -2716 -975 7500 9595 76 1286 5822 -3104 -933 7599 -3792 -3049 1257 -17813 752 4456 12753 -9606 9090 4645 -8133 -626 -2436 -159 1023 -3919 8197 8545 -3186 346 5409 11296 1241 15405 12112 7598 10321 -1942 7912 13068 10717 -3108 -4557 -7441 -6516 -7828 36 11210 9756 -5111 1161 2747 6562 6613 3483 58 -8900 -11216 -4162 1459 -4536 8880 
15391 -603 5469 -5219 -10435 -13523 8219 11523 -1393 -19271 6736 22485 667 2780 -7798 14324 20303 -7547 -6217 -4711 19642 -15065 1705 -18941 6372 8703 -7031 10809 -17236 -6461 20903 20838 -6370 -22574 -7506 2689 19376 -14035 -13307 4219 -4657 -4640 -9281 13279 3213 9320 12825 17643 19124 11989 -9378 -6763 7630 3813 18592 -259 14632 7348 -2011 8990 -13162 -9212 7973 -22477 16508 1886 2485 -19417 -4394 5238 -682 14758 2983 10515 29359 6814 3737 16761 2068 -9166 -5270 120 -15534 -1096 16050 22570 -5018 7159 3196 4575 13030 12312 -14217 -16587 -7543 5412 -9621 19711 -2312 23205 
-15874 1317 -399 -39066 10129 -5516 -8163 -4724 16836 -9582 15008 1284 3609 -9692 -20996 90 18097 -1071 10549 -1451 6673 -6955 3861 -7178 3869 -7211 -7944 12529 10973 10625 -11294 -12211 -16974 -8037 -11664 -895 1621 -9259 -10535 10012 -18983 -12710 -13631 8924 -4360 18215 4986 1753 13671 20206 -7062 23333 -3717 -17135 -9676 10045 -1849 -997 -2052 15010 -11084 7214 12644 -1835 4620 10389 20149 4675 2940 18919 9631 11160 -19938 9296 -810 -8724 4566 -2515 -2882 -23986 -11388 -4025 13932 14789 16459 -1510 1601 -15232 10356 -5948 -23297 -13380 -5657 20330 -831 21540 -16264 -1150 -4060 3149 
-2963 -23361 -3888 -16746 21044 8842 -6210 -8819 1932 -18328 6794 13678 -9 -3024 -6448 20632 1790 -21325 12224 -7975 -1793 -11008 7584 -9015 5119 -11143 870 1568 4801 -6042 6644 1252 5309 -19152 -26115 7384 18300 -23507 -991 3383 -15488 -7093 -17419 6436 6356 13518 -3446 2928 8127 12135 2866 20492 1870 -2775 12369 -9837 -7698 9341 13234 10526 -2251 -3632 311 -454 498 -17 13270 7296 25950 14932 11737 -3448 570 -509 2894 3281 -2378 -70 2937 -11639 -3205 3864 -11324 -4154 9458 1808 5076 4145 9287 -676 -20486 -11701 4176 4825 -3623 22735 4631 -10338 10604 5072 
2620 14470 -2927 -4901 17661 3356 10642 -5877 -2740 -19960 -6233 5406 3473 -21016 4706 3653 -21775 576 -19514 -4335 -3471 2828 14625 1588 1473 -14112 -6265 -3740 4552 -1033 19719 -6402 14005 1026 10466 8578 -9509 7302 -1316 -979 7856 6426 11590 7618 -8296 -4981 -21203 -10996 -9072 6009 -6917 17693 11028 3325 1289 -1832 -3815 8303 3149 21721 -601 9473 12178 1649 23486 -2434 12362 15403 -4157 2214 -20029 1685 153 -3547 6795 -4951 1096 14747 6338 6690 5436 17704 -8632 -10673 6669 -116 -1766 -5390 17930 -6577 -5686 11160 4029 -1006 -13669 6397 -6931 945 11325 -8432 
3138 72 8623 10865 -20400 -14556 11007 -3849 -12244 523 -7045 -5571 -3078 10216 2814 15575 11054 5853 4932 -11692 103 -3778 -11369 6333 -2728 15242 14835 -18834 -24309 -8155 -7580 -10631 -21879 -7936 -14554 10905 -5482 14895 -15045 11584 -16601 -16584 6239 -9472 1338 1302 14634 -12989 22684 -9600 -3698 -1411 -4517 -5834 -3767 -12411 6674 -13422 -17073 -15610 1754 -4979 -12214 -7915 -15475 9804 3752 -2318 -3691 -5863 18975 -4256 2174 -2904 -5509 -5125 5168 -6629 3349 -1815 -1019 -562 -13261 -5355 1765 -4139 1288 2914 -2603 19707 11359 -2384 -6238 8712 13418 4664 22774 8129 -7548 -975 
-10253 -5671 26079 -593 -3267 -8442 19725 -14042 8989 13750 3008 -2301 7919 25333 -9404 -1649 21926 -12999 16084 9166 6859 757 -123 6438 -3137 4248 10528 -18394 -12648 -5102 -3935 2048 -11555 -4717 -10377 -4433 -13288 27745 4613 -2429 -8173 -17433 -5532 16766 -9294 12518 27100 12207 -5488 1112 10258 2408 -25724 27 8399 -10339 14796 -23365 -25400 -4708 5749 5222 -11943 2751 -20611 17359 -2444 -5836 3639 -8438 16995 7244 243 -3090 -12919 9299 -2008 -10329 17631 20181 3468 -6109 3360 -17502 -7033 -8760 5665 4178 -15899 14081 7618 3924 -12470 5153 19759 10608 16323 14244 -2904 356 
-1483 -6623 7788 -6255 23127 6934 13349 -7363 -13074 -5246 -7854 9710 10530 -752 3754 11833 -10308 -6731 2707 -997 5379 -11500 4780 -893 -3367 -17209 16416 11164 9892 15941 9631 -23072 11193 -9698 -3670 -5038 -10859 9012 -1159 -1087 7455 6276 11814 8865 -35972 -3446 -1445 835 -15905 -9877 1306 9996 -11045 12609 12589 1442 838 -4594 6378 10726 6573 1288 11332 -619 2935 493 -5101 5532 4769 850 1497 13658 -921 -8043 -17730 2895 -18767 14251 5988 6588 14970 16601 5890 -4467 -7144 -3347 -5099 -6289 6197 5139 -9527 14797 -2431 10415 -3047 237 9047 17362 -3443 -10862 
6645 25982 -5642 1298 -15915 -20422 4983 -2285 -6920 -12556 3987 1032 10588 -8037 3184 -7066 -7641 14504 -11718 -12342 -25831 13946 -12199 16119 -5863 3423 5311 -29786 -31103 -11948 -10211 6748 -18263 -3465 3138 4206 9709 14294 -20785 14225 -21038 -11486 3280 -14436 9676 4480 1483 -12246 13962 708 14117 -555 5526 -1048 -6457 -17266 -13656 -17741 -10388 1505 -18263 -11448 -4714 7501 6 8136 7205 -6756 -8801 -14648 12513 -22133 19096 12244 15277 -11051 19106 -4396 -10725 -8991 4626 -7633 -17125 -12988 17528 -26998 12390 6208 13334 5262 8419 -316 13767 10381 -4306 -2962 12703 -13185 5053 -9885 
-7037 -20768 1900 -7734 -335 10284 -10575 1551 3083 6361 2069 -3197 4205 9402 1073 -5937 9835 -8796 13764 12662 17236 -5526 6434 -19864 8503 -13829 -11625 -9356 6355 3921 -5825 1657 -487 1567 6628 -8959 312 265 13646 -21632 2286 -12576 -2683 10313 -5617 60 13973 14046 -1130 -4966 12537 -3551 -5500 -8085 -12744 3526 -5890 3688 -6097 -5398 8045 14850 -11806 -11636 -15309 12794 -639 -11681 4992 -5668 12597 1007 2529 10318 -25294 12622 -3211 -5797 10852 -141 14021 -6839 3726 5018 4571 3905 9541 -6423 -7134 8386 -17173 -3820 -15918 -14014 -8074 2744 7478 18535 -20286 -10144 
-10685 -3456 4565 2585 -16987 2924 -18972 11103 22225 6894 -3634 -22251 -12921 23014 -3058 -12184 15847 -297 6992 11371 4542 -2769 7803 -20335 13794 3019 -16513 -11044 -246 -3428 -15176 24003 3007 14626 4812 5885 -7627 -5880 13231 -17170 -6158 -24273 -11311 13031 23886 500 2055 10143 10171 7492 -208 8802 -3848 -3108 -5809 -4301 -15926 12687 -5646 -21184 24002 15300 -28499 -7398 159 17701 18372 -5960 -11540 -3399 262 -14077 -3370 14241 2068 17633 7612 -3430 5851 2659 -1777 -55 697 5061 -12269 14773 -753 -8884 -10060 -14434 4082 -15638 -4303 -12376 -7252 -3598 -18787 3176 -303 4356 
-13421 2758 1073 -14037 13691 10591 -15073 2748 -6198 13878 2126 -4246 2323 -2713 20713 -1026 -13092 -13167 2744 9490 -6874 -3635 6343 -7370 -5182 -11979 9991 22563 18643 26849 -8815 -8984 14278 -12693 -1143 -9817 16544 -22530 194 -4847 -2060 8439 612 2049 -18515 -7384 -2052 8139 -19626 -17160 4386 -3309 -5070 21476 2865 6464 -9044 5803 20723 11031 1782 -13198 10525 6334 3220 -15219 -24585 -5136 -4676 10344 3583 3361 7809 2019 -7711 15553 -9966 6871 -6096 -13207 4109 -2941 17158 5292 -4208 -2863 -9164 3070 -5641 -12066 -987 -3004 17976 13749 -9693 -14267 -6522 -1786 -4941 -6887 
6725 1900 -19895 -14337 7955 15320 -4627 2093 3099 -7083 -6900 5292 -6525 -19315 -2733 -4274 -12327 8643 -12321 -17 456 6548 7620 -2000 -738 -18896 -12163 2562 14788 -939 5754 7558 8414 9499 13692 3447 -641 -6759 6955 -10449 13323 5649 1770 4448 -6463 -10934 -8917 -384 -1549 4416 4295 5199 12768 -5989 -5544 4371 -11371 11721 10189 -969 849 9510 12792 3804 13281 -2037 7726 1516 7023 3120 -11915 -7030 -7639 11384 -4624 -10590 -12590 807 104 414 10665 13258 819 6203 87 1736 1713 -10212 8044 -4114 -17086 10945 5494 -12654 -20416 -7035 -10903 -3331 4163 -7613 
986 -4920 10050 -4756 12920 687 9880 -8136 -4155 9711 5880 10801 13610 -4544 -3327 5968 519 -12820 5065 1810 -2507 -2524 -3873 8476 -6431 171 13289 7799 8573 9510 6518 -8335 6751 -16949 -10757 623 3350 -379 -1283 4298 3114 13407 -3279 -217 -11587 2174 7145 3871 -14976 -2502 2918 1266 -6651 3200 10203 3183 17033 -13085 3508 19280 -5164 -8493 15590 11475 -3972 -11391 -13324 5671 12498 -800 -5112 13675 -6281 -8474 -5450 2639 -3053 -112 -86 -732 -2263 -13165 8173 -4275 5678 -9260 7615 11115 -6566 6877 6851 2365 4039 9295 13907 4144 10776 -1913 3361 4507 
-4087 19316 -3274 -9046 7560 5159 -9628 11327 5661 -29772 -13965 -5209 -5983 1031 -4198 6689 2393 -4129 23072 2079 12516 1048 -6146 -8326 13758 -20112 -5493 -19684 -6964 16801 7389 6751 4869 20048 4492 16546 -8350 5199 7453 -1614 15970 -4293 -9111 15986 5951 666 -6142 8187 23035 -3458 14379 -1601 -25016 -18259 16450 -7803 23447 -9932 2368 12585 2490 -3463 21782 -4183 -12834 8698 -7042 -5325 -14453 -11908 -13784 -13986 -11440 -6113 15662 -7888 14218 6002 -30522 -2096 6044 183 -18507 -13986 -22265 -3425 15931 -5837 -16421 9455 -15937 18909 5643 10348 8583 7724 -5228 4369 -4131 -21327 
1278 31501 4049 23405 2383 -9240 -324 -10415 8880 -17605 -22417 -19422 -13279 4714 -5630 -4511 20601 -4498 2911 -11954 15846 -9708 -1805 5006 19374 -8601 -20968 -23466 -16446 -1834 -1451 -4494 2854 14553 8975 -367 -8295 -10952 6123 -21374 11850 3848 -8121 6545 -17238 -20635 2978 20114 5723 -349 24194 10188 -23349 -13532 11063 8869 9464 -10917 -12671 2792 7541 -13270 7272 -9151 46 -6246 15951 -12479 5900 -10686 6389 -20531 -2064 1505 -3947 11698 2295 534 -11567 3286 -3846 -8454 -4896 6734 -4068 9345 -283 -14232 -6376 1455 9631 11753 17130 -7018 8501 5459 -13255 3937 -16077 -15037 
-1635 -22542 2000 7 -14769 325 972 2046 -11812 26804 19590 9750 342 -677 4089 1545 -12315 7302 -16841 8828 -23720 249 -3419 7316 -17255 20881 8815 25641 13703 -8460 4489 -10321 -2985 -20716 -7896 -12380 15086 1986 6510 6418 -24847 301 606 -12405 6529 2820 6764 -10206 -20232 -4906 -20114 1407 23492 12162 -21109 -11736 -21944 5101 11187 -6746 3931 6138 -18922 10358 7174 -9220 1576 2906 6064 11259 7737 20067 7759 -9034 -5118 3343 -11015 -215 23093 6884 -3579 12391 12659 11203 17284 2895 -13748 2505 17755 -1100 1825 -18326 -9123 -7172 -9249 -9385 7570 -11914 21425 21834 
17173 -19888 -1982 -6579 -5259 8459 12001 1016 -3530 15062 11170 18292 8951 -4272 5571 -4403 -10103 8068 -10782 16746 -15880 7480 -7631 -1068 -8362 16681 4145 28725 17985 -422 6195 -9304 -4363 -18930 -908 -2058 13620 6914 -5553 10619 -6103 8323 6445 -13745 9962 -3762 -5479 -10201 -9573 -2281 -19610 11745 24670 10004 -8694 -7865 -11736 19100 4048 341 -1232 490 -6714 6681 -10205 9139 -12664 7586 3252 -2507 8456 11094 -1391 -9186 -12159 -5213 -21244 -9095 18314 3831 2985 13116 3244 4058 3022 -5741 -17851 5014 13469 1019 4047 -13283 -6152 -10293 -325 -4242 4909 -4109 15102 15902 
11422 -15114 -2574 -9850 -2986 5647 6843 5019 -11867 -936 -9785 16292 4216 109 18293 -13437 -3753 10069 -5110 8265 -12452 -12229 -7630 1890 -2638 10101 3638 16108 17930 2035 9035 8528 -3385 -4992 -15406 751 8156 814 -4762 7461 5939 -5115 9291 -10264 10602 10942 -12869 423 -1924 -15239 -16813 -4377 9011 3541 -10101 2162 -3000 3981 6293 3050 -2710 -11536 -318 -16412 -11042 11004 -15766 -10494 8895 -6740 -2944 6921 -904 -4052 -10278 300 -3724 -7896 6003 1687 5798 4247 73 14330 -1475 -4759 -9259 13391 13801 5451 -366 -1636 -17475 205 -4989 5093 14132 -10395 9910 4707 
-9308 2221 -4939 12855 -22247 -9478 -6905 16886 -15274 -956 -8062 349 -22976 11251 -5448 6529 2922 7322 -1587 11926 -18979 -9249 -22557 6826 -8014 -568 -9518 3431 7584 -2321 27373 -12026 139 1935 -3134 7668 14074 1708 29862 -8610 -21460 -2745 -21658 4890 9633 -11186 6600 2278 -13515 -17351 -4989 8215 -9299 -7421 -18602 -25468 -6546 -16400 29855 7097 17308 -7300 -2190 -6827 -561 2039 1774 -17749 -8851 -9222 3590 9041 2490 -18451 -2808 9265 -2883 12948 -5520 7071 8748 9972 -3931 15312 -809 15488 -7911 -7579 21951 9390 -3282 8540 -7790 -11997 -3901 -3613 6991 -18638 32701 2231 
-2631 6994 28615 7251 3986 10769 -11710 2773 461 4834 11370 -2662 -19744 14604 3528 1484 2003 4163 14913 -870 -5624 -17406 9196 15415 -10871 10339 -5782 3962 -4058 -8726 3520 5013 -11137 -17253 -11395 -22363 2765 -8249 3917 6654 -4918 -7166 -8740 -8824 -6598 19948 9518 27890 10987 -13624 -6594 -13055 9 -12459 -16482 -8122 9142 -22332 -12484 140 5421 -13151 -5302 20636 11422 -28556 19371 -1297 2014 16093 -8231 16228 -3896 -13063 2171 27656 12321 19508 18536 19546 -13951 70 12814 -8709 9289 -10121 17745 -7381 9861 -10851 -22493 -13495 12554 -2837 -18962 572 -1974 -16895 4531 7680 
-8329 -21480 -7936 4136 -12210 -4911 -5167 6291 -15047 27548 13145 10399 -398 4354 1968 5759 -3745 1519 -15925 8521 -12584 1499 -2516 6950 -23475 5310 6373 15234 8012 -18265 2021 -5774 -6049 -12278 -4098 1074 5098 4621 974 6589 -22514 3257 -3868 -13394 1686 -1198 3721 -16086 -22432 3513 -19419 287 15516 13855 -18931 -3076 -18781 3029 18063 -3708 -5119 10445 -17516 -1326 13615 7823 -2502 2679 -1897 2314 -51 22393 14732 5219 -15051 628 -4015 704 13197 -11625 3384 -1874 8570 15001 9925 9003 -9614 16274 19707 -9736 11335 -5342 -20622 -4823 -8871 -4181 17199 -5916 16278 12977 
9402 12 15499 8567 4528 14051 -2512 17303 -1378 -4003 2407 7992 -5437 11980 -6164 4759 -8764 353 18946 19526 -3940 5488 -283 -335 -3803 10658 -7156 7735 7892 -1615 12521 -7843 -6019 -12766 -1988 -5362 17999 10802 549 231 -100 7178 -17431 -7144 5528 5309 -13722 7800 4581 -14658 -10648 -8 1351 -7849 -6647 -17882 8413 -5453 2498 2642 12027 -5179 14826 20049 -6575 -7584 -6025 3488 -11780 8201 -432 8181 -4371 -16586 1906 4855 -10045 9860 12506 17360 9943 11624 -1278 -8912 -10577 -5198 4242 -4840 10772 -4433 -26544 -3864 5369 -9292 -37 -10702 -10483 1004 18240 10515 
-4861 -571 19626 11157 -2025 1769 -6804 8301 -8933 4969 3585 774 -19310 16811 636 -6 1900 6045 10384 472 -8834 -15049 4212 12940 -14779 9051 -3862 4478 910 -11284 9574 5078 -10617 -13726 -12453 -15092 9177 -7406 6600 1657 -10632 -6411 -11495 -5137 -638 17523 5545 16086 -1451 -15213 -10269 -13090 -234 -5768 -22229 -8456 1755 -22440 2474 -1116 8927 -13233 -3055 8429 13179 -18302 11908 -7193 -1642 14375 -4935 18073 2238 -7945 -3217 24115 6998 19644 18468 15496 -2297 -2049 11498 480 7884 -1837 11158 -2457 20552 -8028 -17331 -7021 258 -5381 -17988 -3173 3283 -16968 14635 11816 
6190 -998 -6581 16087 9693 4051 11519 8053 18250 -8777 -18323 15276 4165 -14791 -17751 9843 9334 18921 6167 14478 4885 17512 -1305 -8002 -10879 -910 -7110 3244 3722 14146 -4554 -2285 -2178 3755 -14582 -7558 -2140 12457 -18835 -12499 -9522 -13353 13898 13623 -395 2683 -1352 -8601 440 16252 14417 -10138 15117 -3992 -2861 7491 2614 -5333 14024 -6609 6994 9446 148 -6493 7108 14864 -8397 -1750 -21473 8200 5722 3504 27251 -14825 -8888 6033 -10119 9396 10202 -535 4356 -1550 -14207 -1340 -1867 -7136 5050 -20756 -1661 -6903 4627 -5662 2471 -11399 1311 71 -8351 -9328 -14072 5716 
10685 6560 -2283 -14627 14102 -20209 -5318 15909 -8205 8518 11332 -17512 -6521 15400 2046 -1490 26956 -11201 -891 -17491 -6324 204 11753 2835 -15815 17973 -3280 15790 21138 -7333 -20293 2190 1825 -11413 -7616 3353 7555 6864 -4065 -2583 25448 -2003 -9452 12432 -6972 -16482 9377 -15218 8235 -5575 -4536 1695 -11409 -14655 12523 -2509 7716 -3119 -1872 -2323 1090 -1453 13667 -499 -9441 -5280 -26643 19721 -942 12678 -4713 -7269 -13529 3495 -18736 4890 -12288 -5092 -18042 16962 -16763 -692 -1806 9245 -10344 11689 11917 -23949 652 21820 -13842 9801 21895 -6036 -5720 3254 4889 20294 14395 -5971 
16907 -6206 -9558 -1082 15622 24014 8559 -1809 13350 -11008 -20638 1308 -6502 -16542 1367 -5823 9829 11381 12325 -1907 -12151 21483 -7344 -7869 -8491 2480 2340 564 -10418 11207 -15416 15586 -13995 -6482 -17145 78 -17584 -5316 -15176 -7634 3589 -12254 1460 -717 -3825 6875 9904 -10347 3571 9419 -402 -1492 6364 -4133 10127 1477 -2839 -18524 647 -12537 -1700 -10035 -11593 -1393 10332 -6163 1165 6808 -9389 -7835 -5198 2239 445 4710 -7353 -7785 -5471 15395 -10654 11563 17441 10682 -9495 -245 -5207 -18820 1971 -14132 20047 333 -6485 -4582 10518 1532 9440 -13936 -590 10300 -4947 2656 
6751 9817 4266 2187 -3209 -1651 2979 -6110 -140 5001 -7000 -3278 1550 13511 43 3245 264 2443 -4360 15072 10144 6934 -1169 -2165 9576 -979 8676 -1670 2942 -4353 -7418 8474 327 -15013 -1183 10882 14610 -7358 4178 4882 6753 -1436 -20618 -7159 -8195 1979 3225 -7838 -1605 1811 -1630 12357 -13185 -4571 -7156 -15077 17451 -858 2931 1407 1273 -7610 -5602 -1220 7674 -4323 -216 10647 -431 -7590 5623 -15346 274 -1659 20814 9741 -9719 21773 -3754 2519 -454 3922 17999 15225 13727 -25880 4663 -1695 -1375 6593 46 6317 6835 -281 -6755 -9309 1512 -430 376 -14528 
12989 -317 -7091 7803 -4011 15357 2991 -628 3065 2675 2461 7122 -18651 93 -7873 2442 9792 -532 -12058 4275 2490 4489 13796 -2371 -4722 -9711 8709 -5035 7995 -7442 6200 -11305 1703 -9958 10412 -5977 -7705 -8519 -3016 1495 -5519 -9828 9543 20200 15842 -16440 -17542 19521 552 1640 14351 -547 2673 20274 7585 4084 9570 8899 29219 -13662 12916 -20140 15648 15583 6690 -2014 1936 12972 6620 -3218 -13581 -10557 23824 6824 9874 485 -5833 4663 8878 17618 -12826 206 -9273 -257 10601 -1895 -18666 -2311 -4888 -2370 -5557 31450 25890 16447 2661 -1868 22555 -5359 -4341 14443 
-719 12431 1166 10337 -8207 -12929 8053 -3174 612 2405 8669 3463 4920 7539 -13281 -2268 1038 7978 648 9515 13921 -3238 -6203 -5256 -587 -4341 9291 -4689 6888 6242 2260 5724 7639 9011 16539 -2766 16812 -4298 3927 -9499 -1534 -3868 11507 7562 6797 719 -4351 -134 -11592 3003 2321 4269 -4472 -8543 -4855 -6529 -8237 8641 7261 3356 4993 -792 -1316 269 -2196 10613 -5627 115 -859 2864 4005 -1802 17735 -14908 6235 -2284 -12125 5933 8173 -5679 -1948 -5890 3597 10982 132 -5892 458 -4351 -11612 -80 7859 -4028 -7098 1049 -2031 -7823 -2205 -5571 7982 -6690 
1447 18800 -2922 972 -7666 -23946 1720 19733 9311 8364 1569 2091 -352 -1312 -13332 19235 14935 8365 5285 3813 7572 12215 8375 -2036 -1660 9407 -4435 6579 5051 190 -480 298 20621 6864 -1295 -10944 16621 16309 -15912 -6833 7011 -5136 5644 2727 -16820 -7916 4004 318 -1539 -1797 4043 -11181 8165 -9672 -3227 -1801 8719 12811 -3816 -9903 -7746 2635 -1404 -9713 19254 6519 -15623 338 -7312 -4224 9960 9536 16704 -16221 -6486 15945 -5372 9154 -11261 -5682 -11380 -19137 -3036 20394 10681 1391 18432 -22641 -14418 -3779 7358 -1135 -2903 -24707 14568 2381 5059 -23229 -3456 -6217 
8259 12417 -9442 25531 -5880 -1789 -1511 6242 5996 1237 -14174 9871 9499 -459 -22450 20187 7518 13198 -6308 27693 26066 5323 7755 -5197 7758 -3089 -1316 8690 5542 9053 282 -2630 11392 3435 -3051 1170 17521 14962 3197 -10618 -5443 -5173 -4758 15226 6341 -556 -10143 -165 -41 13975 22517 -2328 4715 -8190 -17726 -4101 17533 15052 30114 5985 4304 8786 11911 2422 185 28309 -6670 -3214 -10294 8690 11296 -6961 36760 -12146 20153 18349 -22002 9335 15266 -5583 46 2115 1923 13593 15171 -7351 2284 -13569 -21107 -118 11825 1961 -2574 -11802 -8548 7036 -8152 -21967 -5570 -1048 
5115 10480 -6235 32604 -5532 9148 9217 -11177 9972 -10061 -16630 11342 6527 782 -18765 2171 -5991 18556 2594 32698 29893 6819 -2767 -10027 6139 -11721 5243 -6911 -232 16853 5613 6146 855 4086 4721 3105 11973 1797 5883 -14252 -11662 -11977 4727 11939 13283 5620 -10570 718 -11034 17947 22923 1240 909 -9211 -12699 971 4912 7310 31298 3043 10163 5952 5547 1124 4332 26729 3749 -1859 -8428 6478 11889 -5853 39625 -13862 19673 6014 -20916 17137 27030 -1406 8247 2870 -1749 11683 12693 -20941 -7850 -971 -8105 -7216 11055 -2911 -5043 109 -10330 -4566 -15105 -16551 -5994 -3374 
-14784 9397 12209 7001 -8987 -12072 4129 -8655 3382 -2205 -8538 -400 10012 11258 4218 1675 -19644 4512 6674 19132 16764 2143 -5636 -916 13023 -1141 -4239 -9152 -4481 1895 7151 4322 2334 -2045 -2214 8021 16018 4396 3102 4922 -3058 790 -13162 -19198 -16136 8739 5729 -5991 -8762 484 -144 1361 -6516 -9771 -12286 -1947 9675 -307 -11815 4921 -3775 13896 -10326 -14691 14106 2907 6103 -3985 -3980 -2999 19462 1468 -1826 -10971 9302 11534 4034 14855 8259 -10791 1387 -8918 11789 11037 13564 -17787 9497 12020 1029 -7890 8174 -11811 -15029 -13178 -6211 328 -16279 -13728 -9130 -18213 
-8990 17241 16117 10666 8009 1369 -6368 13454 10722 -5400 -5563 14682 -2119 -10724 9121 -7591 -2701 14338 14892 6755 12217 -9726 3877 15855 -20 7291 8721 27433 10192 -2242 5416 -874 2338 13464 686 -2922 -17525 -15125 10214 9836 -1345 -7198 -14547 -20709 -13105 -4731 -18433 2280 9526 -5272 15218 12167 16690 8200 6950 -1463 -7621 -2995 11504 -8140 15536 -13107 2056 3591 5870 16100 -8861 -17747 -14816 7752 -23760 -10926 23485 -24 -8115 -1117 -8487 7055 9513 5963 -16083 -9706 -7531 -13498 2223 -8746 -11367 -1931 -18820 8281 6454 -8273 2682 -2495 1831 -669 -18998 21584 9302 -18717 
-1391 11288 -9716 5948 -1728 -9241 5995 4254 12292 4582 -14006 -16749 -12772 28161 -11955 2757 4099 8053 -3158 -4286 -9055 3082 -8930 -5743 6395 -5326 -27358 -18475 -14907 14682 7209 73 8244 3883 -3720 3227 10026 11443 1826 -16141 -17972 1739 3567 4615 5873 12523 13404 -702 15474 5582 -4258 6524 -5673 -26863 1483 -4437 11191 -2256 23816 2937 -13565 796 -1244 10791 5658 -3462 -13424 5047 -1450 -19627 -8135 11219 -8720 1953 6149 15863 3736 7994 -20269 5357 8490 1717 -15082 -11814 9732 9200 1860 -9984 -9084 -4837 -9524 4925 -445 1597 16310 14690 16436 -3307 851 -375 
178 3069 -2889 7579 7547 6462 -8183 12696 -4429 6574 -6641 -1326 -4206 -3705 -8726 5727 -1705 5511 8098 -7666 559 3726 3876 4331 409 1336 -4409 -5393 3155 4859 -3381 1987 957 5538 -2973 -4896 221 -7136 166 -753 -9752 5476 -8960 -6700 -8713 2217 1560 6570 10149 -9798 -3184 10203 6777 -7543 -478 -6189 -2377 -5484 9477 -6023 12403 -17196 6973 5930 2271 -954 -8827 5358 -8393 -6037 -17077 -1315 13202 -2669 -5133 4097 4855 1943 -10677 13781 -7195 -1297 -14694 -13063 15340 -969 -7808 -2315 -9877 -6278 -9203 -808 -966 5609 6737 -151 -2707 -7833 4299 -7621 
3643 -13459 11155 -8856 -2633 6066 7838 -5046 -15175 -4705 6961 13962 14347 -21216 18192 -6193 -5762 -17761 -833 -14096 -2251 11022 4750 -6842 -5727 8909 21172 4028 13436 -6934 -2277 -528 -12785 -10824 9238 -1470 -4187 -20374 6213 -1994 7205 18524 -17173 -5890 18038 9004 -4813 9074 -5595 -14641 -6517 8479 6163 18297 -15885 -5824 -11012 -3022 -9101 -2640 21630 -4178 4085 -7744 8153 9751 3734 2061 -3765 16819 11532 -9722 -3282 -9569 4974 -6225 -17320 -8554 11340 -8779 313 5398 4803 29431 -11256 -4413 6282 4491 1532 -1183 1213 -7927 7987 5035 -28371 -20114 3241 -9105 -663 -6627 
-2510 14441 -8084 -9211 -4883 16554 3790 7677 1231 -2970 -14356 -5835 -18287 5160 -10364 9427 11224 12003 5314 6078 6966 4850 9075 -1311 1620 -8443 678 6173 4641 -2911 -9443 -14333 9267 7317 -3290 -7294 3193 -5653 5826 13954 -2688 -4011 5002 7394 -11122 991 3997 510 3041 10958 8656 -252 -8592 -2301 11704 -8907 13497 -6607 11254 7198 -5152 -9276 3729 -5096 -23807 3150 8925 5071 -243 -17339 -19517 4122 5424 2485 -2785 -7263 12760 1437 -22186 13062 -5613 -13503 -20768 -33449 3463 -868 1677 -76 1028 -4055 7941 -6698 -11487 7241 15650 22495 -5282 -3527 4506 10937 
2243 -3098 6501 -7882 -7305 7320 -4123 5173 140 -9205 -4180 8376 1185 -18914 17078 -10591 6159 1471 8854 2788 20655 -2298 3839 5198 -10190 -5084 20407 16459 5776 -13877 1824 -11256 -1974 -5558 3206 -1853 -15481 -11184 6864 18969 13530 -1560 -3850 -8699 -639 -6563 -5563 6227 -9669 4787 15104 -2736 6960 19034 6208 -15742 -311 -9479 -8738 -5244 10170 -5514 6302 -9456 -9200 9080 4032 -8694 3228 16592 -5630 -10841 3875 -905 -6700 -12778 698 3098 12826 -3230 -5834 -8530 2292 -9163 -18780 -19392 -3754 1168 -2459 8210 15334 -9813 2378 1796 -11197 -4906 -13857 853 -650 -9458 
-3950 11117 5197 10627 2368 -12592 -4853 7823 24154 -7261 -1476 4306 5560 15268 5133 -18190 -5849 1858 -5459 -2543 -4863 -5495 -11364 -2639 -1228 377 -6486 14360 -8093 5349 11196 9208 -4659 18807 1390 8109 -14900 8615 -347 -10038 480 -7898 5028 -6984 1099 4952 -20100 -8423 5609 -6326 -1537 11847 17710 -1764 -4406 14650 -16066 6083 9587 6208 -4700 16683 -6045 8420 22965 9370 2855 -14958 -12800 2517 -8073 -100 -4640 6955 -4039 4390 -12108 2327 14218 -3162 2154 6170 2192 9303 6669 -132 -8607 -5899 -4146 7523 6466 8248 -2041 -2460 1684 -4729 -7538 23071 10452 -8248 
-8851 13376 3634 15895 8465 8575 -14115 6596 -263 -3234 7288 9772 6790 -20915 -9164 3314 -5479 -2718 7747 17890 -6630 -21218 3825 12842 1907 16401 8737 20024 19609 -228 -9218 7640 -2106 8283 -6620 -15390 -1064 -16075 3160 1681 13583 -15590 -3288 -1153 -22197 -18986 -18582 -10848 5646 -8537 -2905 -5739 -1072 11787 2288 17034 -10971 3973 -9370 1708 -7014 5469 -1649 2885 -1077 1598 7772 -3921 -1217 -3830 -4262 -3902 17028 -597 -1854 -1236 -10712 -17422 7218 -12743 -8860 -8598 3215 8159 8374 8906 -3317 7093 1157 3538 -3075 5222 -2559 -4472 7267 1546 -13514 11233 10146 3063 
-5310 -901 10433 -6704 -14600 303 -835 -18765 -9708 3857 1257 19356 -13062 -4829 12351 672 -9644 5089 -5575 10152 10992 -2299 6288 15059 1762 2901 17778 -2435 -12541 -15550 -1258 2753 -2480 -10072 -8191 55 -5493 579 -3020 12388 -9065 -1786 7441 150 -13840 -2461 -446 7080 -24303 -3453 6219 -6323 -2693 4683 6988 -5848 9982 -4881 -19233 120 7388 -6627 -9419 -12865 -13665 -3811 9326 -5929 4732 1797 3388 -2547 -8348 3389 -9011 -21739 24584 18446 7125 3831 -922 -7669 9801 -14134 -10691 -10626 -18018 26791 5585 135 6086 -14804 1235 1521 -245 -2434 -7933 -3895 -10489 288 
-3413 5506 -7890 12127 15733 12205 -10375 16802 2859 2205 363 -11039 899 1004 -29325 6945 5192 8386 5016 -4667 -270 -3050 -279 -4292 -3388 44 -15068 10677 11707 5838 -16309 -6155 10755 25173 1796 2961 -1155 -2780 -6464 9545 -1857 -9681 -6463 1784 -7938 1945 -14731 -12895 16868 2479 5774 9431 -4172 -2923 8460 15016 -5409 4485 14262 3676 -5030 -4227 813 13187 -2039 8108 5166 4590 -8915 -7307 -15553 1803 21516 11720 2468 4556 -4985 -10262 -11115 13965 -14282 -10097 -13811 -11186 21934 6224 3510 -18897 -4935 2714 -4677 6848 -19291 3900 23104 11888 -10775 7004 13882 9404 
-6629 -11645 1290 11466 2124 2781 -14105 -7016 21808 1977 -14405 3549 5048 -9686 12284 1490 14423 19543 14314 -14640 8158 3856 -8324 -8598 14013 -33759 -23337 9805 -1268 3589 -16935 -13038 -2282 -6130 26314 -5462 -7604 13285 2522 8168 2533 -505 -14110 -13259 -20336 -3895 1535 -291 -10722 -3171 -2415 -8899 4026 12766 -12879 4505 13916 3966 3309 -15363 1201 -9166 -6657 7525 2036 -108 -1625 -12140 -14493 -15493 -5826 13077 -574 500 -16342 -13673 -19244 5716 1936 -3104 21676 13576 9858 -2352 1997 19747 3355 -20482 3439 -16549 14126 2775 -1104 -15063 10854 -482 -3078 -802 -952 1871 
30849 -5741 -5899 373 2894 4557 9205 -895 -16504 -3710 -14292 -13140 -20466 -8705 -12587 -4002 9277 -27778 -2824 10046 2951 4162 14969 6244 1043 24274 -1856 -6782 -1165 18040 -3539 -137 -15177 3134 8328 14095 -1411 -27497 2043 8609 15866 9615 12302 5183 22738 11749 7053 -21336 7825 -16326 8128 6267 -16769 -16414 26519 10057 -7378 24841 14827 3363 -24338 -9821 261 -6401 -24779 3422 -5050 3982 15063 15096 -1704 -24765 8156 20080 9275 4829 3721 -15578 -9429 -17343 -11661 2001 -21952 -13061 4493 -3005 1819 17748 374 5391 -4212 19644 1474 13117 -8453 5139 -1800 14585 -7675 -12012 
2602 13356 8285 2555 -5373 16081 17370 -8632 -1631 -7635 4252 -4584 13591 -11849 -22595 -12384 14826 -6270 -7303 -3005 -8887 12342 9302 6356 5422 7108 16675 -4889 -350 8582 17025 -8847 -6456 13514 -9709 -18583 -22600 8550 615 -16590 15621 21348 -9916 -240 1998 13181 -30449 666 12903 7131 -14311 -10314 13032 14837 -2166 9658 -17649 -10896 -5899 -12777 -7596 -2593 404 -15353 -8224 4545 2832 20566 27588 17179 4507 -814 -3058 7423 17072 -6620 -1943 448 9855 -3308 -21804 3830 -2897 -7327 -21266 -9367 -6172 14204 7162 -7191 7618 8160 12073 31602 8416 -7770 15998 17766 -17861 318 
761 9386 -2906 -14977 -7140 17778 383 -12417 -10573 -22572 12097 1944 5944 -9566 -17474 -20425 9108 6174 7342 -7117 2140 12903 9636 1727 5164 -6877 6122 -11509 4798 6283 -1105 -29558 5513 20706 -4163 -23360 -13038 4848 5369 -29517 18476 10596 -6014 87 -7814 651 -18293 -1620 -2735 12160 3685 -11183 5281 22058 -4890 18332 797 -9113 -25499 -3282 -16081 10075 -9359 -13627 2339 5791 -3122 26162 15025 6777 5303 -12240 -11153 20831 3034 -16279 2608 -3294 2118 4013 4319 1787 -1545 8496 -12160 459 -4633 -21457 17766 -12750 870 -744 -4100 25290 2646 -2097 -16719 23433 -9408 -3202 
1392 11081 -100 -7829 -7262 -5544 7928 -3636 -19789 -16968 20733 8938 7422 -3071 -2153 -882 -4646 2667 -11202 -8132 -12121 -6056 2265 -13275 1773 15946 4389 -2041 -14817 -11081 5779 1467 7629 4089 -14717 5531 5623 -3456 -844 -13733 6807 2852 -1775 5562 13613 5343 -11361 -4502 8914 -4260 5221 9819 11657 -6128 4515 4264 -14996 -5130 -11646 16340 6947 13503 -866 5398 2004 2158 5028 5535 2486 -3397 25739 -12890 -8692 -868 4613 12141 11261 1689 15736 12364 -4256 -21524 -5016 3951 10175 -18728 6028 5552 -2937 15749 -20054 -9184 -2317 11882 -9620 -7964 4639 2019 -7349 -5892 
-26473 16371 448 1630 1539 -10825 -11462 -5586 9386 7440 10236 13921 15835 9547 6595 8498 -4737 1716 -14761 -14163 -2172 -7982 -1893 -12250 -627 -5186 364 6878 -4725 -14279 19062 16381 6454 2563 -9270 -3684 1191 18520 4580 -9498 -6239 -5533 -6309 -11395 -5960 -12121 -8999 8181 -1132 4057 2541 -5358 12468 17125 -5530 1792 -8111 -22402 -12569 9472 17194 12743 14870 7862 20446 1826 20065 -1258 -3684 -3506 4715 15607 -16495 -3694 -2362 1155 -9885 -874 2510 18412 -2859 -8905 11793 24915 -13770 -2447 5369 -2321 -11008 165 12116 -22207 -5594 -7584 7 -860 13839 1594 714 12708 
-4987 18535 -4760 -2746 7558 545 -8609 -3048 -21759 -9092 -10519 1907 10013 4287 -16239 1672 2202 -22982 -24112 -16846 5640 -6258 31368 -6539 -4671 23625 -1427 4528 -13528 -5594 30112 12928 -8103 27056 -12637 4243 -1202 2710 -519 -8647 20462 14632 3392 7368 18254 -1608 -23849 -19328 14148 -13957 16604 -7271 4340 5385 27495 20092 -23105 391 -4790 18464 -23967 9363 15228 12421 -902 105 37478 1724 19913 2980 13439 -10276 -15516 32445 18197 8604 850 -13224 5198 5012 -14021 -22324 -13561 13858 -794 -2298 19504 16660 7445 18733 7351 -11755 330 21576 -14927 -7271 10796 27347 -20670 -5228 
5841 -4069 4352 -2482 -5145 15365 10633 2340 -9818 -19522 -2259 -4256 10334 -7186 -8317 -9773 4762 21821 11323 -3846 -344 6843 6078 2995 3257 -5033 3716 3258 -7248 -1721 -9860 -21819 4527 10845 -5288 -10428 -3792 8395 -7898 -3808 9907 11837 -3950 16285 -2492 12481 -19644 -1728 7348 368 -7121 -1181 7724 -6200 -7175 1491 -1230 5330 -2883 -8908 -12841 -468 -18842 3755 -8341 -2603 -2998 168 3062 -12924 11702 -2060 6038 1648 8898 -206 13815 13918 20943 -4150 8023 -7052 -665 -23761 21254 -885 3494 -2924 21635 6526 -15824 5881 13728 15287 5030 -14770 -7447 24 -14075 -11211 
13314 -16732 6080 -10092 -11468 -17561 2189 14095 -9560 2146 -6293 -9468 -20528 -3022 6303 5964 -8161 -11599 13707 18839 -11801 -8202 -9665 5809 -8692 6760 -6030 -9240 6365 5545 -17831 6087 -10680 -25127 3313 22136 6235 -22527 -12177 16016 -10325 1479 -54 7613 -3220 -3525 31141 -190 -6993 2810 1571 9273 -3484 -13792 2292 -22023 12223 10568 17762 2722 9143 -16348 2169 -4812 -288 -7120 -25361 -4183 -908 8381 -11120 -12267 18420 -15988 -12907 9576 7124 -157 -9801 -11762 4094 -57 -18003 -5356 13585 700 -17143 1042 -5095 14537 -7146 14868 -11302 -4035 -20999 5475 -11519 -22575 15706 -5947 
-197 2511 4698 -3556 7649 18108 -7601 4545 -11979 -7919 -8251 -5457 4754 -734 -22239 -15384 -807 -7304 -3712 -4774 10345 10292 17486 14576 -6855 3328 3718 -10263 8462 177 20162 -14848 -5685 25502 -4534 -17701 -12950 692 -8486 -13963 15219 9693 -3071 10619 1304 -4793 -16220 -922 4491 8083 -307 -16021 -808 13300 5128 8034 3735 2103 -8528 -6069 -28829 -3866 -1150 -10182 -3826 -6407 12763 10939 17908 7380 -2844 -6443 -2029 25429 12152 -12146 47 -3523 -4409 -9132 -5592 9354 -2867 5395 -15832 11278 715 -1335 23981 -7354 13279 1517 3206 26504 277 -2496 -9636 21132 -4142 -7882 
13021 -1125 14321 6651 -8786 -2293 7660 8702 -446 1297 4982 -24 13330 -2447 14502 -1248 -4036 -236 4002 -5754 -4032 3604 3484 -9125 -8968 2429 -11374 -981 -16833 13449 -7579 -10229 2979 -2698 14247 11029 12621 -6027 4728 -5075 -6357 16267 10319 10593 3533 4888 -11914 -739 4588 -7357 -2159 -13005 9867 -8278 4961 8485 4061 -1092 3154 -5059 -13836 5801 2424 7862 -411 9998 3014 -8292 13769 -8070 9621 7833 -20670 2223 15793 -15548 6121 -3945 7099 -7997 1430 5149 -1376 3412 7535 10139 -9277 -23821 3737 -4377 9060 -1498 2965 -8066 11008 5682 10781 -13658 2248 16487 
-6993 -5449 28857 -4181 -17821 -7847 12010 10215 11895 -1650 8843 850 8057 7257 2166 -14571 5396 3436 -15241 -19 -5577 -21783 -2218 1013 -4920 -1119 -2038 -3414 -1333 1046 -18146 -4043 -3704 834 5747 1983 -19133 -1991 7912 -2634 -3228 3920 6050 -3573 -8337 26410 -2810 6660 3269 -15881 -1911 -1835 1885 -4460 3744 -446 16116 11304 6327 -17905 5633 -1722 10072 -8049 -7306 6590 9597 2772 -4130 -1396 -69 14978 -2935 11578 10807 -16009 -7234 18635 7690 2023 5152 9957 10607 21310 -2160 -3474 -4256 -8190 1811 -2118 -7662 10139 796 -1766 10121 -2217 16282 9 2014 1000 
-2003 -3818 -18757 -20530 1413 5837 -16322 -5451 -9366 -2907 -13979 -6457 -25535 11186 -12252 -2759 -868 3321 -1127 10990 -461 -2141 -8292 21765 9948 -5543 8065 -3090 13671 -5925 -3275 -5760 569 4390 -15907 -20005 6383 13629 -5286 10741 -4050 -16990 -17693 -9449 8471 -1223 -6447 -5706 -3808 11904 6792 12234 6061 -10284 -19332 3746 4086 9018 -4318 6652 9623 4488 -14517 -12945 -11019 -7190 -4530 -2997 -9594 11309 -19983 5009 9933 11110 -9860 11705 -11135 7932 -10707 10462 267 -16508 5589 -19483 -13174 -11560 3254 23503 1426 7540 688 -930 -6589 -1171 -10568 -17012 -17803 -502 -4731 -7340 
-29606 -13160 5670 6461 1359 21355 -7946 4468 4123 -14908 -3866 -23409 -10741 -7238 -459 -898 24834 -4741 -9602 8836 24483 -1685 3162 13694 1718 -9075 -4743 13196 2220 -15695 14647 3404 18866 6081 3635 -9920 -11659 -18232 -620 -2346 8128 -9382 -4343 -9095 -13115 14780 12458 15687 -3314 -11127 4028 -3052 -21392 1349 -17673 -1885 7273 -27855 -1846 -9247 3612 11976 13738 -19709 4175 -8960 -1207 6476 9882 -2470 -1780 -13204 10648 4631 -14433 -5176 -20302 775 -9633 4337 -21411 12013 -10833 12744 -18401 -3784 -10042 7932 -382 -2196 -2162 -10423 -6545 8265 1354 6524 4256 2678 -2579 -13009 
16582 -7672 -3829 -13106 -4265 -6249 -14064 2221 -23792 5467 -14559 -3489 -5601 14690 -2595 -8563 -14942 18415 5261 11820 -6691 -10633 -2984 17180 4464 5889 -1284 2102 3849 6685 -10796 -26527 805 -14620 -14641 -3872 11737 12128 -5462 8801 -11424 -8373 -18307 -6794 14868 6560 -12374 -5811 -8806 10082 10513 8863 10909 -11579 -17104 16599 4580 14713 5735 201 2540 13046 -6924 2344 -14627 -3214 8044 -780 -4804 14221 -10717 15321 2006 3106 7561 -10613 534 11095 -2171 18467 3644 -23144 4496 -24854 -3619 -2182 14 4324 2094 1377 -2094 -1033 -12814 445 190 -24024 -9941 -17591 -3345 14981 
6439 7537 -10714 -7223 2023 -2589 6015 -8412 -1993 -1801 4138 10717 1239 -1685 4020 4518 -3155 -10498 9728 3858 1969 10126 466 2053 -2594 865 3615 -3976 2319 4361 4164 7468 -12403 3042 -6490 1022 11394 14208 -5709 -8895 4126 9204 6329 6873 6345 -4928 -3165 -3299 198 11092 3336 -5710 15728 11801 2914 -4330 -12503 -613 4795 18633 897 581 -14595 10458 7076 10661 -7436 1897 3584 -4133 -1631 6213 -3553 -4725 -1712 13318 2700 -4509 -8959 6221 8906 -1947 1084 659 6081 -4556 9816 -363 9082 1729 3621 -1586 7403 -7130 6574 -296 -1856 7668 4255 1054 
2933 5993 -21064 -17137 11201 -2183 -7298 4344 -9323 13557 -14742 3262 -13807 -441 -13841 712 -17201 1254 -279 -38 -1337 4123 -11671 1664 16126 6317 2639 -7087 13096 -7772 -1730 -2188 -8719 -8690 -23047 -11676 4948 13343 -8856 7725 4199 -7464 -7609 -6605 13815 -21329 -3890 -12418 10195 9162 -3931 13751 5417 -6027 4498 -7785 -5327 15750 -7458 6166 11746 -688 -13603 33 -15490 2900 -461 1887 -24676 12631 -8973 3292 8473 -5413 453 8274 8012 -3891 -165 12185 5446 -19024 41 -19982 -11556 -8307 17941 14003 6049 7581 -6975 10748 -7303 6309 -10445 -11140 -17041 1769 -438 -9022 
-9492 11685 -11939 10370 7873 12673 -15053 -1878 -4771 4326 -14106 -13478 1637 -10133 -6456 747 -6670 1661 12835 -217 22401 8689 -6425 -925 16175 8932 1199 1776 2923 -17362 16235 639 1262 -7181 -11851 -3268 3691 -6524 156 6914 647 3767 -9062 -3300 -1708 -2175 453 -8878 -922 5906 10080 -3579 -5600 2936 4646 -6775 -8507 -12118 -1169 1622 -10504 10077 9325 -1822 10305 4644 8550 13599 5812 6273 5385 -239 -1597 -6928 -10439 -4628 -2532 -11230 -2637 14234 -4165 5790 -13214 2940 -6319 -9254 -2945 787 -2338 10922 -13275 -1856 -10925 8185 2316 -1544 -2804 3377 1021 -2101 
15494 4611 18195 215 -13872 -16233 9259 9599 2916 -5686 -4956 -495 17187 15355 7494 -5154 5494 -4176 7371 1931 -5736 -9184 1961 -3036 2670 14789 -3435 -486 -5589 9509 -631 -8342 -4517 -13396 4184 5400 4995 2603 3240 -11862 -5701 15507 -1493 1390 4562 22374 -6953 3302 -10781 -1289 -93 -7575 9205 2352 -3252 7850 -6017 6499 9239 4546 -8732 12571 5285 8089 4915 15590 -334 2848 10544 -7531 398 10542 -9469 -3486 18163 -15168 3532 6330 -1832 6413 17792 4171 2963 4548 13055 5985 -8684 -15697 -1374 -4589 -6842 4990 7745 -6027 16418 -4284 13063 -7337 4723 7751 
3954 4500 -14253 -15120 2967 -8140 8307 -20239 2782 1872 12289 20152 -5247 7198 -91 -7586 -9908 -5451 6274 11391 -4793 -1217 -967 4993 -6213 -9279 12407 -10233 2885 1657 -6034 7612 -15150 8178 -8458 -1430 3104 24974 -4354 4862 6562 682 -1077 4259 -2641 4300 -1074 -340 3262 13878 8319 1334 18946 12345 1756 -3915 -8165 10469 9983 16188 5611 -7504 -20074 2468 3874 4796 -5221 -2000 -6985 1588 -6955 17893 -3478 11614 -7895 13367 -6570 5228 -15060 10642 9843 -5064 12324 689 1745 -11207 9446 3455 5401 223 805 943 -888 -14457 4122 -7366 -6328 7545 7037 569 
-307 6236 -2187 2896 -7891 6433 2587 -8595 -4541 10482 -2875 7381 -2326 -7899 4097 1017 -9733 3983 117 -4497 -3161 -5894 -7641 -3776 -2816 -814 907 -11363 7831 2490 -5319 1763 9208 -5080 -10113 2361 2958 -1804 -10893 -871 -1348 -11370 -3206 -3684 7404 -7912 6717 -1864 2330 -184 -13417 -9583 7261 5078 6238 2768 6633 5700 -8926 -2694 3920 6724 5035 -3467 -8923 4035 1428 188 -1407 -5967 -478 588 5879 -1581 -3286 -3091 -1118 5819 -2500 -9940 -3040 5290 -8626 -912 -1484 8487 3636 4334 -3084 -6444 5339 -3081 15465 7507 11115 -451 -7734 9204 -1811 5772 
4978 1499 3611 -3370 -8871 14064 -2861 -14367 2130 8328 8725 2794 5146 1999 1134 -767 -17939 -15618 5705 8054 -2393 5965 -23306 471 9750 28 -20633 -18356 8744 4146 -21459 7498 16285 6237 -9409 6419 13600 1668 -3164 18084 -10056 -2469 -24511 -29081 -13965 -15513 19807 -9562 7064 -3230 -852 -10132 12701 7232 -9903 -10781 -5347 8886 -1670 -7580 -8147 14347 14513 6734 -15765 8110 6717 5724 -8731 -7709 -9057 -16698 -3492 1093 -1057 -18618 2113 24554 8321 -71 -13229 3639 -4811 -16440 -10906 -1890 3756 3895 -12357 -14995 10544 -5776 12604 15442 -5380 21165 10367 27957 -7752 3711 
5452 3178 -4652 8764 -396 4603 13 11980 7384 -14 -16086 -1685 645 25037 -8644 -12404 2599 2753 -11186 16424 -4957 8414 15555 723 483 2046 3225 9226 -9173 -11503 20808 7371 -6431 -1751 -5217 7023 11504 8755 9560 -10218 -21674 -6798 25788 -4311 -1213 -9420 4370 -6546 -483 21751 8085 3415 -31658 -8622 10416 13076 -12096 -15205 1306 -10752 299 -6166 -25710 8929 65 -22919 -12837 -12743 -2803 7072 6407 12062 2260 -1631 773 9781 13152 -7677 -5219 -4177 16792 21939 19122 5202 -1249 -12047 -17003 2306 3199 25154 2177 8232 -14247 3980 -4556 -5093 11717 -23162 -10743 -18497 
-11780 18232 2562 -2934 7647 1782 -13652 10581 13765 -1241 -4904 9240 3293 9932 18101 -975 -6525 -5789 -1610 -300 13003 12799 -7449 -8366 -5613 -22657 -357 -10228 12425 -4557 1568 -9541 4146 -336 -2510 -1544 17768 8010 5545 12535 -6249 -19969 4088 -24930 -2860 -1838 -1614 4555 4690 -114 -4347 -14719 -7152 -1545 -12095 5342 -12903 3098 1861 1866 -10415 5102 5976 3770 16756 -2804 -15458 -917 1807 5520 -14886 -4440 -98 7570 12813 6714 -2787 13572 -6988 12559 -4975 3339 -7037 -14770 9767 -2736 4891 4236 -14556 296 14116 -7593 -9628 9341 -6704 -3523 10511 3095 3676 -20180 
-7299 8857 -5492 2091 -7883 -3717 -224 -6456 -4175 -2587 3093 1893 5953 -7201 14343 -16330 -12275 2513 -7568 -18511 -222 11071 10025 8389 -82 -3656 -4654 -7859 -350 -499 8595 6457 -142 -4868 -16103 -7112 -4745 -14929 -9740 -5061 -2345 -7544 7032 -5001 5675 4290 12285 -13879 7539 -13579 -14375 -2911 -1057 -244 -282 13730 3590 5073 -6669 675 -4853 10141 -4159 -5394 -4319 -1535 -10484 9739 -319 8291 -962 5467 7531 -15999 12822 -6174 -12240 8475 8484 -16499 -1895 5128 -12385 -693 16787 3732 13618 2277 4812 14819 -8439 12530 8508 1973 17217 -3318 -3553 -8404 -13089 3171 
-5556 16528 -6349 21679 496 -30312 -15784 -3058 23066 -11369 3052 -9679 2283 14410 4233 -2944 -15528 19554 13520 31087 13234 -17199 -2570 -8140 -10791 3465 -567 -19171 -21723 -14421 1399 9239 1406 -12380 -19076 -15615 -738 6049 5771 -18869 -4864 -3625 1429 2909 5211 -7004 27773 -11913 -11217 4437 -31045 -15498 24124 11720 14812 -6564 18985 3446 -2954 -5350 37043 -15134 11805 -27209 -30930 -13404 -2268 -478 1157 -4425 8202 6806 -12821 9198 -16013 -15052 14824 25971 17039 -2909 -2477 -11912 -4442 744 -2627 -19997 9197 16482 -15120 7311 1827 13498 14853 1444 11995 -4619 11999 5270 -834 17616 
-3083 4986 10074 -6920 -3260 -3066 126 -13956 1955 3139 17158 17062 9832 -13452 2421 8141 -5259 -5347 -1794 -5712 -3170 -2557 -13280 -6468 9532 -4032 -3600 -3832 11021 9871 -19856 2081 15633 6372 -511 490 10500 -4305 -1900 15969 2224 580 -17538 -13053 -17020 3661 8243 5283 2352 -21103 -10866 3870 8222 2267 -13004 -15665 3382 -1857 352 3638 -6314 -5992 17300 -354 -4445 16557 4717 10885 -7872 -12562 -18406 -6629 -495 11629 3515 -3038 -7965 7054 -271 -4267 -12513 -5571 -5710 -5307 6124 8042 9299 -5418 -11501 -15080 15338 -8136 3036 1112 -707 15384 -8034 15219 137 13990 
4125 -7223 7342 -4295 22150 -4286 -1254 6565 19570 -900 10823 -6244 6816 1147 -3375 15888 13394 -11174 19771 21156 12224 -863 -24218 -7351 2652 -5160 -4605 12596 8721 -6601 -13771 -6720 7886 10618 17463 -2810 9398 3375 7925 25779 2886 8100 -21400 -7894 -24724 7999 -2985 6883 -8886 -524 17454 7960 2762 1370 -14419 -24310 -8525 -5632 3024 14208 -1743 -6814 15194 7274 7724 13812 8795 -4088 -1164 -12226 -8748 -8686 -13339 20587 -6314 11173 3147 5526 1309 18096 -62 -11392 10761 3872 -6161 1277 -6229 -1816 -11865 -18657 6888 -3231 -15182 -7052 -13496 18598 5965 11322 -781 -7971 
-1083 -10233 -4245 -979 9700 -21337 3463 4183 6379 -18704 12963 -16549 4829 53 -660 -11976 11446 100 3421 -5509 8049 6999 15372 11770 2762 3758 -2954 18124 -19794 -5144 14130 2991 -13835 1511 8933 -14132 -18110 -11708 4750 -5950 9681 21318 2814 18470 -6481 21190 447 -6660 -7686 -13889 11813 21255 -6381 -8972 -4771 243 -430 -4278 5650 10097 511 -7350 -11260 -1387 5409 367 -229 9679 6318 6572 8533 8284 -4146 -9315 7414 908 -5842 -9219 17771 2249 7289 -10968 4363 14443 14026 -10981 5769 -3595 14608 16711 -25555 19511 -13471 -20860 720 2676 466 -21630 -8027 3756 
-3038 -366 14738 1612 14556 1208 -3402 4381 -2118 10623 -7623 6809 1977 -12738 -4283 30391 13167 7234 9916 19484 -7515 -14376 -12994 -9340 -2235 3576 12926 9459 20711 -1085 -15105 -13732 9377 3807 5890 -862 5143 -2978 2740 8997 2567 -4647 -3146 1958 -7633 2816 -15260 15344 2073 12334 -6820 -4493 11892 16441 1594 -23108 9961 -9560 -5344 13480 7239 -13054 20660 -9572 4377 4306 7260 -15852 -5032 -6738 -9477 -327 -9212 25368 -15242 18775 1827 -197 -22479 -3376 -3819 -10879 10775 4334 -12721 28421 -14695 -5271 -12057 -22069 28143 -12754 -3640 279 1911 -6455 -7200 12348 11037 -670 
-5751 -3908 6871 -11287 6238 -7268 -2188 11949 10553 -580 -3218 -3814 -13847 10773 8571 4203 -8460 89 -4002 6579 -24039 5653 -2054 8782 602 10280 -2427 2752 9142 8019 -12537 687 9504 -15521 -74 -4166 -2502 -14397 1772 4539 9235 17546 4367 -2032 4999 9662 2826 7033 2856 -1346 -7331 -1357 13091 -4547 -12329 -5462 12744 -5012 2257 8639 1350 12745 2438 3693 -2834 1052 -5381 -7688 -1285 -4213 -11169 10450 7502 608 5917 -12299 -9878 -4223 353 -8859 5913 -5719 769 6263 1548 3498 6675 18232 3780 11311 -3506 18128 2132 -2455 -3805 -1183 -4929 762 1265 19248 
-3683 7733 18163 -4372 -6977 -771 10961 18309 -10414 12737 -7085 -4273 -963 -1711 -701 -2068 -1374 15399 -15041 1324 -8916 9453 13945 -8703 11758 1731 9766 -1607 4809 5939 -1281 -347 14749 -3463 -11074 -26111 5160 -9554 -2782 -3785 3966 4025 8696 8987 3118 7804 -825 -12081 1131 -7966 -487 4458 12434 -5275 -14062 11702 -3301 10804 8746 2168 -4699 25366 5059 7626 3305 18943 -3774 -1379 2464 -130 -17844 2260 -2081 1826 7549 -4997 3817 15337 -17683 6588 -3263 -11011 13502 9633 2950 672 -7073 2858 -3851 3889 1003 12564 9702 2868 -13839 -8642 -15543 585 -5702 -1937 
7232 12250 -34669 -6355 11460 -455 -3801 -17748 15513 -6998 13168 15382 -898 -3050 22185 -8279 -677 6003 12628 -12284 891 -23674 -18398 5175 -11833 -5473 970 16973 8276 -15315 -5303 -7924 -20004 -377 17319 10193 -14822 6670 -10818 -4789 21126 12317 -1193 11850 4313 -4969 12340 15400 -4050 -4104 10236 10953 -29039 19490 2900 6274 4338 -7132 -11167 -4577 -5818 -19370 4007 4409 1205 -3869 4000 -4204 -13818 -16434 27116 -16985 7769 654 -13177 15489 -15663 -10867 18332 1280 4911 7693 -4385 847 -16657 11853 3321 1697 3791 -2356 11239 -13299 -15464 -3692 -3243 14386 7332 -9797 15881 -4251 
-523 6942 -1201 -11594 376 -20355 -1813 21722 8418 -12012 2716 -1090 -9793 9298 10440 14637 12223 22189 -17799 499 -20384 -16261 809 2966 5078 13056 22675 -5119 6970 982 -16568 4896 10217 -6683 -5718 -13220 -3991 -722 -9 -19820 12963 27449 -470 7892 -8846 -1175 1990 10970 3333 2377 -1019 7146 -1168 16204 -18075 25323 4633 -13065 -6219 18249 9505 14498 1196 14726 8501 14177 -3743 -8796 -6834 -774 -20864 -7149 4810 -16012 5576 -8207 -14184 1791 -12029 -10842 8142 -13984 8363 -451 -14144 12576 -2292 11913 -7842 -6817 3263 545 -1777 -12264 -812 7565 -20858 1701 -3801 -3126 
-10605 -255 -3807 -2390 13093 -8624 -6885 7360 14350 -14091 -5318 -15012 -8827 19759 10291 -2478 11320 -7530 -10400 -2145 3248 51 -10421 6110 11948 22086 -4253 2071 8796 -5190 10296 5455 -8736 -21775 -6425 9519 1057 -10220 12764 6913 12200 530 -14536 1204 -4491 11854 447 4995 -7986 7849 12744 -3640 6669 2916 -20375 -556 -1653 -7167 850 10970 1104 5719 2038 -7472 -14275 -5758 -23747 -3553 -431 -5335 -5156 -3303 10027 -10976 10262 1198 -1673 -12921 3317 -18828 1242 -6991 -12695 -11399 5237 -4033 12960 1514 2386 2815 -7298 45 -5428 12414 6209 10492 -8347 -20735 3450 14969 
14776 12567 -15011 -15593 -12216 -7719 -940 -2598 6688 -5977 28259 9919 -910 -14238 3926 -2332 14836 -16833 8853 -11067 -10480 -16359 1949 -2925 -3344 -8652 4732 9227 2601 15740 -20765 -7427 7168 -1071 -4673 -7221 -16492 15446 -24709 -1381 -12945 9388 1339 16444 4943 -2281 12372 24040 -5143 5534 4894 6724 -9311 8251 -733 10396 20022 -5207 -2734 10099 18822 -9616 4140 5641 9433 12068 2915 -2074 -1175 6025 17137 -5410 3062 -6761 -14388 -394 9119 -5600 12261 9635 170 10817 -6706 17784 -4733 34909 7722 30721 358 -1972 4689 -3345 13149 -4377 318 -13425 -13255 -2325 -2065 3490 
4044 -5209 18034 -3077 -8476 10158 7245 3848 -25320 21916 -4299 1211 13434 -4933 -15233 -14442 -8667 15895 -3101 6414 -11800 15512 16601 -7029 -700 -15340 -7066 -3379 1021 -5543 10848 5973 2393 17857 -8668 -12658 -1852 -3549 -6268 3446 -8122 -5453 22435 -3844 88 4842 -22079 -20274 -33 -1372 -6217 4378 8002 -9226 13068 -7580 -10402 13595 -1799 -11371 -12258 18318 308 8367 -3554 -480 18548 -4210 13638 10694 -8212 2480 -11130 13998 4554 -12238 6881 22502 -17732 7245 -7572 -2694 15254 15490 -2547 -15059 -6828 -11139 -4461 -9128 -4810 17841 12698 -11190 -12258 1600 1115 17388 -4593 -7401 
-568 12988 12122 15213 -3390 5904 -5565 -4252 11589 15862 6453 6778 -22249 -11952 6624 12271 -20415 3822 -1556 -14595 -6576 715 -6093 -5099 5957 -5209 2481 2474 2393 12336 -20846 -12616 8429 -26362 15264 -18305 14077 2949 -3620 13693 13256 -7198 12903 15886 7066 519 20335 -10519 -3978 -7093 -12545 8862 -8922 -4121 -8398 -11386 8241 -2113 8513 -10796 -8109 1137 13007 4438 20901 24707 -8269 609 -20145 -14877 5091 26539 18859 16154 -15235 -2239 -1055 -4616 16860 23918 13908 11104 12003 9405 4085 1080 -12470 19544 10079 33063 13734 880 2109 -244 -24237 -3079 -3513 -4243 10701 2991 
-12705 10563 5803 -2340 -19343 29600 10329 -16127 2825 1537 -5178 8754 82 -2299 7800 -15358 -4112 6906 6365 9529 15699 14082 -2757 -2313 -824 -13546 -14490 -6509 609 10425 -4022 2565 1307 9064 1496 -8637 18487 985 -5901 9296 -1610 2509 -3469 -3684 18018 -9169 8743 -12118 -5467 -7741 -16123 753 9262 -15703 14884 -25366 7845 3825 22538 -24942 -25384 -3608 9121 -8133 10277 -10453 9340 -3261 7809 -489 10009 -1121 -12900 15423 -21103 8671 11772 1545 14137 21978 -12067 18112 3415 13297 13133 -19437 -8415 719 -16533 15549 -7258 -2856 15677 -11030 -6022 -1662 8559 -5075 -3726 3532 
2142 13208 -9426 -20828 -9053 6201 17362 25 1668 -4750 1762 13168 7805 -4522 9217 -8266 10097 16216 2364 16334 879 3146 5203 -14604 2142 -15666 1942 309 15449 17681 -3104 7840 8732 5407 -6300 -24258 -9456 -652 -17769 2480 -2665 19753 2219 1821 15741 7994 484 2109 -6938 -9705 5904 4046 9427 2407 931 7131 10720 4880 6689 309 -3451 19584 8813 3354 6295 1672 9649 -13168 17212 259 288 -21095 -4892 -2327 -2082 8703 4524 -1693 -2898 10219 -21817 -2954 8521 22637 -3873 2545 3455 8613 -20245 4050 -1870 6730 7760 -5059 -10492 2816 -10571 -1540 -9272 -1254 
-19047 -4097 -10411 -1314 9222 7459 12175 2705 -6969 -5768 -6050 25079 4475 -17627 4909 20778 -29423 12110 7409 15568 10297 6218 8546 -5506 -5358 -27914 -13935 6095 788 12250 -16050 -7008 7314 -2091 -16937 11432 10934 4282 9592 -25090 9787 -3702 -9156 -12785 -5310 -4653 -20636 6165 2270 -4043 2416 -10480 -13593 20466 -4374 14308 -6638 -9271 5552 19543 7134 18157 -11456 17124 13897 9103 5408 -4310 -4414 -3455 -15139 792 -10914 -9864 3508 17064 -6343 -8236 11031 -4707 3468 11424 -11823 1112 7804 6 -33488 11822 -16286 -12553 -750 18630 -26052 -10823 -12320 -9118 14499 -2460 277 -4173 
13755 11333 -6394 9274 -1754 4114 3896 10900 -649 2087 -1319 12791 -5438 -7437 11244 -14448 11936 2491 -6970 -15104 -4054 11476 7551 5194 11380 10351 -2000 -3939 -19972 -5740 10269 18866 9842 10869 1488 -9928 -4575 -17009 -8553 -7508 219 14772 -5546 -2552 -4966 2013 8211 -4473 -5488 3059 -8686 19097 13128 -762 -5180 -3460 -1488 -520 8638 -7082 503 -10806 16800 -11319 -21097 -3785 14374 -9807 -1016 -5857 19207 -13557 12793 -14104 4311 -13930 -11279 687 5837 -16647 -11185 -24726 5201 -8762 6724 -7093 9095 8382 5264 -4499 -20557 -13576 6730 14524 -4391 -5316 -3363 871 -9559 -19744 
-9927 7272 15125 6654 1974 -6576 -12663 3418 -11068 -7199 -12329 -8546 -6735 10304 11633 -10333 8601 6837 837 5769 1088 7901 -4017 417 4291 -8287 7646 -5871 -2847 -3929 1191 11304 14696 1064 3356 -9093 6198 13486 -22684 -10069 3288 7363 14867 -7600 6703 -6615 -9810 -1037 -10730 9654 -7749 9977 6856 3157 1730 -3240 8090 2103 -4117 15667 -1722 -2021 8170 5149 -11289 -9742 -14011 -6964 -8539 -18994 10697 3190 4370 -18285 -8907 1149 9919 -22389 -2745 5172 -1912 10969 -9434 -19213 1004 -16168 8918 -24307 -5585 4494 -3430 1104 3405 16457 1687 5044 7855 -5589 9218 -78 
-6083 7071 -7070 -3691 -2446 -1099 -3184 -9030 -4277 -1049 -4961 13786 -4 -2657 -16012 -5643 10470 2729 -6948 -4756 -4485 -4307 10289 -11701 -934 15143 -2267 -2188 -1753 1540 5708 3194 -5357 -5985 -2755 2746 -12146 613 4419 12683 -8687 -4964 -8625 2534 4193 -6165 9418 5328 2119 -5429 -5874 2162 1740 8007 3113 2898 -12937 -9161 10798 -16662 -8782 1066 -3629 -3664 3351 2957 5199 13344 13187 9968 12064 11272 2410 8138 -1250 -10215 1117 19931 542 2786 8020 -14670 14269 -3413 -4471 15485 5787 3440 -6833 4285 2121 -18099 -1714 -14822 10192 -1057 -1690 -3957 -10391 -6881 
2045 16681 -8461 -1992 11553 2168 9413 732 -5065 -7124 -11609 19772 -1911 -11645 -1290 -2612 7243 15243 3839 -368 2315 18409 11617 614 4386 -7330 1002 -3723 -12103 1580 4978 10412 14945 10242 -14052 -215 -4972 -7257 -5972 -10226 -8418 -1725 6031 -6650 2334 -3843 2835 1337 -666 -174 -6865 4565 5744 7917 111 5291 -7780 -122 3297 7207 3638 5065 -1502 -3604 -3392 -1179 6462 -10855 -2072 -6266 11759 -12987 6518 -12004 -897 3294 8325 -1754 10234 2954 3668 -9545 2340 -7389 15211 971 -4091 -4203 -14991 -3502 -21316 -9921 -566 -3114 -5095 -9494 2885 -5038 -14326 -3955 
631 -3128 9301 563 6510 8751 -4918 -6589 1650 3181 -28999 3205 5999 -11410 -8546 12209 21892 15862 -10072 -10580 -1190 -5775 4735 -8360 6868 11489 27629 13186 -800 -12003 16645 -5529 5282 9755 -4135 9110 -20401 10905 19126 2808 -17548 -12304 -871 -948 3096 12363 4781 -11522 -12504 1802 11050 9702 1358 5055 -885 248 -19102 -7237 -3273 3370 11647 -2999 -979 -9114 8039 9343 4550 5023 -5028 14169 14337 9067 -7031 3627 -12100 -15797 17948 5274 -1734 17331 6704 10773 5530 -1679 -14530 2691 10605 8704 -14128 437 16841 -6046 2305 -16048 1155 -11149 6136 -17266 -2461 7914 
-20930 10519 -23622 -6809 -1301 -2809 15171 -4062 -12144 -20476 13563 29418 -6475 -1439 -5358 -542 -20016 -2920 11665 11191 1685 337 14597 -3834 -1158 -10177 -28537 -8457 5183 20732 -25039 7538 -13887 -18512 -21590 12061 -2817 -4776 -5984 -10840 -363 -5003 -3140 -2464 -3015 -31145 -3205 17113 12046 -5855 -13491 -11954 432 17092 -7172 11119 -5403 -15054 23961 -7612 -23588 7806 -10029 13646 2048 -1367 6519 3550 19880 4278 -12446 8334 -10462 -3497 502 18044 -9781 4902 6145 -9665 13158 -15926 2087 -4960 9512 12826 -16255 -363 -4128 7240 -17405 -11882 -14291 -9227 1705 -10318 -8814 2678 -15311 -15382 
-5267 9544 15897 3695 10593 -12395 -8875 -12865 9536 6244 -12003 -24427 11867 13394 -10833 -6685 19738 -11286 -16365 -4577 -8334 -11301 416 -9896 -5294 19345 17650 -19729 17294 -720 7069 -7557 -6307 4416 13424 -7872 -14342 5238 -8532 33553 1103 -1750 -2730 18922 -850 -2814 6905 -1683 -846 15248 -7919 4421 6527 -12859 2947 -9259 13700 6811 -3337 -11629 -11511 -2076 12930 -3898 829 -6025 -7683 24553 -3382 5976 19621 11025 6314 17004 14012 -5680 11422 14408 -10291 13097 9289 -4530 5964 -7160 -4186 2820 26369 -12147 9749 -5116 15307 -16010 18855 4863 2673 977 4128 -8298 3839 11410 
-18349 15748 -5569 1666 15431 -5934 1567 -20369 472 8644 -15957 10976 18673 -9494 -3519 2898 -284 4172 -2469 8205 -11987 15968 20044 -6819 -5518 -12185 -2313 -18302 -857 9924 1302 3551 13702 4924 -55 -12752 -2929 -612 -14300 6310 13407 -430 -9971 -1394 -549 -6414 -2664 3092 2091 18540 -19817 -6094 11161 3700 2278 16769 7079 -2212 7543 3133 -1642 9918 -1245 3357 7975 7343 6676 20486 -2605 -8223 13014 -1542 14743 -12052 13293 19673 5302 11980 16060 -4172 21822 -5224 5226 -13083 28283 11676 -10605 -4287 -12634 -15852 -20107 -4451 -7711 -1105 -16680 -9798 8653 -24306 -12089 -6565 
-3284 10484 13677 14567 19968 -3786 -1105 21161 4672 6207 -24563 1780 8375 -11006 11897 -746 2895 8715 -20488 -5226 11720 7282 624 -12053 -1264 -1538 12011 -9881 -3154 -250 8281 -4339 20254 26415 5082 -7356 4596 -1416 -7074 -6161 15703 18118 -13688 -953 -8720 7479 -17779 -3279 -6774 9555 769 23677 -7146 6868 -1588 -13506 5765 8673 -4429 13717 7735 9585 25670 2279 -10474 -7131 3518 -5694 -24560 -13359 31074 -4174 9264 -5301 25020 -21279 -3972 -7804 -1493 1644 -22942 -6006 -9275 -15797 1125 -24770 7589 3359 1475 -28966 10314 1239 2733 13869 -8427 -260 31041 5300 13007 1693 
