50
81 -45 -69 39 4 -24 -97 15 13 -44 -44 -36 -26 73 -35 -33 -88 88 9 -84 -23 95 -38 51 -14 27 26 -48 -16 -4 -27 58 -12 3 50 -6 75 41 -68 54 -31 1 -18 -93 98 -77 15 -96 -47 69 
-16 -52 94 56 -69 60 -5 11 70 76 -80 -56 64 -76 91 59 74 45 -28 28 75 -80 -67 12 1 66 -86 23 9 -95 51 62 -31 -61 32 6 -72 -61 4 37 -75 84 61 -23 -18 -12 90 65 -49 -24 
-23 -13 80 -63 33 -91 -48 -67 -21 60 -3 51 -72 72 -79 -14 61 27 71 92 -37 25 66 -85 94 12 14 19 -71 86 -88 64 18 -36 -94 60 -26 75 -84 25 35 -22 42 54 17 -37 -58 -49 35 -4 
-36 -43 65 23 -16 65 13 24 65 72 63 53 -70 19 5 68 -75 72 40 25 -14 -41 69 53 -47 55 -3 63 79 -11 -18 55 -51 -71 -46 -56 -89 -63 61 54 -18 -95 -5 -39 -7 -88 25 -60 56 -81 
-37 -67 72 -18 -21 -44 18 23 60 -34 -73 20 -19 -61 51 34 -21 23 27 -47 59 70 93 32 -60 -3 35 43 9 -56 30 40 -16 -97 26 30 42 17 -63 88 -89 -10 91 -9 22 -86 41 63 9 33 
60 36 10 -96 72 -65 -41 79 2 7 71 -87 -76 -92 -74 -31 -85 78 -83 36 -44 81 32 -82 -75 79 4 -27 -99 35 22 72 14 5 26 47 -61 56 -42 -11 51 -36 37 -62 24 20 56 28 -53 -11 
-29 2 -66 57 -44 -71 57 26 -56 -24 -40 -71 40 99 40 -27 65 56 56 -1 -44 -97 -46 -33 -92 -27 35 -93 89 -28 15 -75 -45 36 10 34 -80 62 1 65 33 41 -41 22 3 73 -32 -51 0 19 
3 -2 18 58 -40 33 -65 -95 69 -75 -15 88 89 9 61 -12 66 63 81 90 -56 62 46 -49 51 88 92 77 -91 -94 14 -52 -97 -16 -12 -42 65 -58 -54 78 -79 -4 16 -6 18 63 -1 -96 -65 -46 
-26 44 -44 -23 67 15 -62 60 -65 -5 -18 43 70 -14 91 -84 -45 98 -54 -32 84 -96 -72 -65 97 -98 61 2 -14 25 55 80 -91 20 50 -67 27 -57 61 36 -61 37 -9 60 -20 73 -17 -86 -77 -92 
-46 -50 -64 51 41 -78 -70 86 95 -97 21 -78 -49 -88 45 -25 55 15 37 -96 -51 -56 91 -57 -53 -51 -5 12 -60 -72 -62 5 -10 86 0 -10 -39 97 53 21 5 8 17 27 -45 13 54 -70 10 -61 
-16 61 68 5 26 -19 76 -4 19 67 68 6 28 77 35 75 -44 -17 -72 32 -74 -29 -42 -81 -70 38 78 -21 54 32 -99 47 5 -20 -95 4 -47 17 86 54 -71 31 -46 -43 -65 72 78 39 62 -44 
-68 -75 -20 -66 62 -63 -39 -89 -50 -34 -61 95 -11 -86 14 13 -48 89 -4 45 -41 5 -14 93 -71 -48 -25 -1 58 1 22 96 -25 5 96 99 -88 -78 28 67 5 93 -82 -6 89 8 38 49 52 -96 
59 -12 26 88 -38 -26 3 58 -19 -72 -76 76 -80 -9 69 -69 -64 -9 39 31 -42 57 -37 44 -22 63 -45 -40 16 -96 -76 53 -41 98 29 -20 5 52 67 39 30 62 -27 -55 -51 17 -89 -12 69 -75 
-2 -14 -43 93 85 62 21 37 22 31 -1 -78 -98 -92 89 -41 -9 43 48 -94 24 20 -21 -1 45 -18 85 18 -64 28 49 80 79 -65 -54 49 47 86 -74 43 71 -23 19 41 63 -5 92 -55 77 79 
-67 -26 -11 22 -71 -68 -70 58 -49 -33 -2 61 4 33 -8 54 -44 -69 -62 -45 -50 -59 32 -82 86 68 33 -57 -80 -34 71 -88 79 26 23 96 -37 -85 -41 74 -58 96 93 -3 -21 -45 -77 -45 64 -64 
-76 64 66 -85 -92 -1 -77 65 -18 74 -93 -12 96 -71 89 92 -2 -76 7 -66 -55 -41 -93 -30 32 -29 -71 11 3 -63 -3 -5 -15 -23 90 82 -15 67 30 30 25 8 94 -88 26 17 10 -68 67 11 
-98 36 -86 4 69 -52 -29 -49 54 -34 -89 -66 -79 -35 47 15 -48 21 95 -5 -43 18 92 -76 -89 -38 10 22 66 -30 -69 30 65 -69 -32 -70 99 -82 -57 64 -64 44 5 -25 52 -99 47 -1 -40 -27 
82 -50 29 81 57 -34 22 98 -53 -46 -69 -42 96 17 30 56 -41 21 48 -38 -70 3 0 67 -80 -17 52 -15 3 45 1 -93 -64 62 19 70 -60 -26 15 4 -55 51 52 43 -42 98 -93 -84 -51 -10 
76 97 58 21 51 52 -28 -89 -38 -69 -56 95 9 -76 -11 -36 79 96 -26 14 -19 -37 58 -18 -5 -32 -18 -97 51 -61 79 -22 -6 -68 1 -66 10 12 -44 8 -67 -22 -87 57 32 -16 -7 -94 -59 65 
-63 -81 -70 -15 -44 -25 -31 6 50 -50 -68 18 -95 -45 -80 -63 -91 -79 37 22 78 21 98 -34 96 -64 26 46 39 -89 -19 14 21 14 48 75 51 91 -38 93 -75 -76 -2 -91 -76 -77 20 -87 78 55 
77 -47 94 -78 -32 -72 29 -41 -4 62 -99 24 -46 -25 29 -76 -34 -29 -96 19 73 93 -21 71 77 97 -17 -23 -92 56 -46 -24 -14 -61 34 47 33 90 -74 58 -6 -82 31 57 -4 42 -88 97 31 -62 
18 10 -81 67 -69 -65 41 63 75 41 -92 94 -75 81 -3 -24 10 30 -35 -53 75 54 -21 88 27 -16 87 -27 29 -49 -33 -32 44 76 88 70 46 19 76 -50 2 72 56 82 -75 2 58 -77 13 66 
74 51 51 1 97 -17 -34 73 56 -78 90 59 76 -79 -85 -5 -45 22 69 -9 -51 -38 49 -15 -96 69 -97 -7 28 -99 -22 45 -73 85 -96 47 0 6 -63 88 -26 -32 -51 -36 41 -21 -29 39 3 -32 
24 14 66 35 -21 -8 -20 -30 -50 10 13 93 56 -46 -5 64 27 -29 -77 21 42 90 93 -9 4 -35 58 -8 -98 -25 94 21 12 80 87 33 97 -63 -75 93 -27 -97 97 79 73 -59 -4 60 -99 44 
10 -42 -3 -97 43 65 0 -73 -98 4 -58 -1 6 20 83 -55 -19 15 60 88 26 76 90 81 12 -97 71 51 97 77 -58 37 54 -59 -73 44 -30 -8 96 8 57 55 4 -61 26 66 30 -75 94 37 
68 14 -50 -44 99 -77 -1 0 36 -40 -23 -82 -13 15 27 24 -26 -5 -71 -94 -4 -66 -10 -84 -53 -84 21 -77 60 -33 89 18 -67 44 8 -40 10 96 -52 71 -32 35 91 -25 15 6 12 55 20 67 
85 -67 80 55 79 -52 -23 -51 38 19 59 -87 -62 4 -55 68 -40 48 -23 35 -8 14 -57 77 76 41 18 66 70 81 33 66 57 -70 -52 84 16 -85 -22 -51 -97 -89 -8 -99 -7 -95 -56 -56 9 -23 
-96 0 -20 52 -80 -19 -52 -96 67 82 -20 -58 55 29 36 -49 3 -33 4 -29 47 -72 87 -52 37 -35 -15 92 44 83 -62 94 35 83 4 -59 0 -63 32 78 -19 -98 26 8 -58 84 63 -88 -65 8 
-42 71 26 57 -25 80 50 35 26 69 43 70 41 -50 -34 7 70 30 -32 98 39 12 53 71 9 45 30 -5 88 -11 41 75 -94 29 -27 -61 63 -15 -99 -63 6 66 16 44 -71 18 -31 -82 96 1 
83 -86 52 78 -72 -39 -89 81 -66 83 -90 24 35 0 57 -11 -48 -66 94 -1 71 -75 -73 -92 -17 -24 -13 -29 60 -4 45 -73 20 62 6 -83 58 -24 87 9 13 -98 37 53 -91 42 -68 23 44 -96 
-11 -74 55 -50 35 83 -90 67 -18 9 7 50 -7 12 -66 -82 8 -42 -86 81 76 -86 -92 -37 -39 -25 -70 24 26 -64 10 3 -85 96 -41 58 -40 13 -24 -55 59 -4 -17 -85 63 -7 53 16 20 98 
38 4 -70 12 3 80 82 17 -84 64 88 -76 20 17 85 39 -31 -7 41 -91 -92 68 11 -74 45 -74 89 -4 92 56 -93 97 59 -32 -57 -84 96 -41 49 70 95 44 -92 -84 60 91 93 73 84 -9 
-3 47 -25 60 7 -83 61 43 19 82 -26 -32 53 40 13 26 -10 98 -1 67 21 87 -23 6 -12 34 59 70 -90 -78 48 54 -8 33 -72 -97 -69 22 45 -7 -87 -29 -99 -27 86 -54 -48 59 61 31 
67 37 4 -48 79 89 77 -2 93 25 -47 28 18 11 -29 70 62 7 44 -45 -42 -6 7 -85 23 -72 13 -43 69 46 -78 -87 -64 -5 49 6 -63 63 39 57 52 -76 85 -94 30 54 -10 21 -48 16 
55 25 -29 97 54 90 -32 -22 85 84 -22 -6 -17 6 -80 -34 56 59 93 -76 -19 53 -97 95 -51 -7 -69 73 18 11 52 -65 -81 -64 68 -86 -15 8 -24 -96 4 -68 29 -63 -94 33 79 -1 -99 -21 
-26 -35 -12 -39 -43 -98 -33 -9 -17 50 -64 -35 -36 63 -34 -10 -17 19 -90 -93 34 -88 46 97 58 -57 60 49 -46 -88 -29 -34 -51 -24 60 83 9 63 4 -2 -74 -2 72 -2 31 -4 -89 82 56 82 
-83 18 -58 -28 67 45 45 -97 -3 -29 28 -53 37 79 -66 42 42 -17 65 -2 -23 41 -87 93 0 -40 79 92 -24 -26 -23 71 71 39 41 18 -28 97 -19 10 45 -25 68 -90 -87 45 -74 11 25 90 
75 85 -91 -56 41 75 71 91 -53 -60 -98 19 -19 -19 91 62 -40 10 41 -88 -62 -50 47 -96 50 37 -9 -84 63 25 79 92 68 71 72 -10 88 -90 -49 -33 -51 -44 68 -31 49 35 -66 41 -2 72 
4 70 -68 -31 89 58 -36 60 44 6 -98 58 53 -55 22 -76 51 -71 -21 59 15 86 16 51 -94 -32 41 88 71 61 6 -42 31 -50 -71 80 -27 8 77 -60 92 26 -60 44 -23 -73 57 -20 -57 -31 
-18 -49 87 15 88 -97 -44 95 29 -44 -44 66 45 49 13 60 99 57 78 -20 6 -2 -1 -47 89 13 54 -84 -90 69 -46 -15 45 38 -94 -89 -12 81 4 21 31 84 84 66 -12 92 -55 39 -96 -31 
-39 -2 43 54 74 20 76 93 10 -14 -9 50 75 43 64 7 -18 -70 -52 -14 -47 -53 -55 80 66 -1 -76 -73 6 -81 5 -20 -37 15 -38 -43 7 -72 -97 -26 -60 -60 62 13 74 -57 10 -32 -56 25 
80 47 11 -64 -54 49 -44 -1 15 89 86 -4 -49 18 63 -19 81 49 -1 -29 51 39 -10 -91 94 9 95 -55 71 64 0 8 -23 -78 40 -20 24 55 55 -73 -25 -53 -11 -39 33 41 94 42 -2 -29 
97 -95 18 -30 18 20 71 50 -66 37 -23 2 67 24 -91 -34 -58 67 48 62 -86 -23 -6 25 -37 -31 24 -31 64 -60 57 56 -69 83 44 9 -72 63 -8 47 25 72 73 -86 44 76 -41 27 65 49 
32 61 -80 3 8 16 35 -98 -26 -52 94 8 80 73 37 -11 -84 30 0 25 -4 5 -79 97 49 -36 76 35 22 -12 9 40 67 5 49 54 33 -26 79 -93 78 23 82 -19 -29 79 -65 -99 34 68 
-34 86 40 -42 85 91 9 -58 84 -36 -57 -46 -55 81 -72 11 -82 -88 30 -86 -50 -76 -54 2 -89 -13 -25 98 -11 89 9 53 63 92 91 36 94 25 -1 6 -94 -13 -27 -69 27 77 64 23 -75 -49 
40 -54 76 -43 -67 -12 -29 -49 88 -83 9 -39 65 78 47 81 -1 -67 -99 66 14 71 -45 -37 -87 -47 57 -68 9 84 -22 8 49 79 5 -59 -62 -88 -34 -73 -84 16 -82 45 -25 -66 50 23 85 37 
40 -84 -71 84 91 8 -92 80 79 -61 -30 -69 99 -82 57 83 -8 -63 -59 1 -20 94 11 38 -49 72 -82 -29 -17 -49 25 33 92 -2 -39 88 89 -96 -83 7 51 57 -95 -71 -41 -23 -58 90 7 69 
-65 -87 -58 36 3 -76 55 98 26 36 -62 88 -98 99 83 -63 -56 88 34 -41 -88 -14 44 44 -21 72 -66 -57 -7 -5 -67 60 57 0 94 56 -64 -91 24 -25 -29 -59 -83 -70 -55 -84 84 17 -14 -16 
58 12 -60 -98 -92 -17 41 -78 -12 37 -86 55 -36 91 59 -88 -74 -6 67 57 31 20 -92 57 36 91 -68 50 13 -80 -54 39 4 99 -67 -1 4 20 19 63 -11 11 -46 -42 6 76 36 -75 -99 14 
-68 -3 93 10 69 53 58 -78 48 40 -35 -78 -40 -55 96 -15 31 -46 8 -35 -16 46 -75 76 -26 17 -54 -11 97 79 0 77 11 -16 76 -81 99 92 56 99 98 48 -49 -36 -26 90 2 -40 -78 69 
