50
38 -44 86 49 -43 -24 -84 46 -18 67 98 -21 -17 11 -2 -96 -44 -83 -8 -97 83 97 -39 66 90 -21 18 93 37 47 -27 79 65 -73 93 14 29 -85 64 18 -40 11 38 54 -80 33 -67 -62 -44 35 
-52 -27 -93 -82 62 -16 19 99 -1 65 30 66 29 15 30 -59 -88 -89 -2 90 52 -63 35 -84 -3 -33 -6 93 -67 -36 -56 35 -16 87 70 25 -92 53 83 -14 34 17 51 29 82 -1 -72 58 -2 72 
96 36 -8 -99 77 6 66 8 -31 70 65 20 -98 -58 -70 -72 -34 14 -53 -47 -57 -40 56 -81 -44 80 70 -80 -7 0 -45 60 72 74 6 -95 -63 -97 19 28 52 38 71 42 53 41 92 3 -37 74 
-88 59 34 -58 10 -96 41 24 -57 27 -90 -49 61 67 -81 -5 -34 -26 -93 89 -95 -88 98 67 -91 63 -57 14 -8 -79 10 -8 77 -88 -91 -89 -81 -62 49 -3 -5 68 7 91 -54 45 74 -20 -48 -40 
-6 -23 -80 -32 -58 -43 78 -57 -49 -61 29 -85 -96 -51 66 77 -36 -88 -50 -56 -28 61 3 -49 -7 -5 -87 45 -43 -56 -74 -54 52 -24 6 -62 -5 -97 29 -30 -89 -42 -53 -84 -51 -78 -87 -46 -92 -16 
-45 -56 44 -57 20 -55 -46 -30 13 12 30 -6 -69 44 -87 -45 51 57 -17 -39 87 -69 32 4 38 16 35 17 61 99 29 94 -8 56 15 -34 47 -49 24 -19 -87 53 69 -97 -51 -6 -80 -18 -43 -76 
75 -80 -72 -26 -30 13 -60 7 27 71 42 38 -71 10 3 27 77 -19 29 -34 -85 -73 20 -93 33 -97 49 -33 -68 50 -97 -99 25 28 99 9 27 -89 99 39 -31 -83 -76 -80 52 -43 -61 31 4 35 
-76 13 51 31 24 -62 -14 90 42 -39 49 87 -53 -91 27 63 35 41 -48 -46 -18 -40 -46 -22 58 -75 94 -43 33 7 82 -28 -96 16 37 52 93 76 43 91 84 70 90 13 -39 -97 55 2 -87 42 
70 63 -7 -86 -84 15 10 -71 -10 -38 -4 56 -91 95 17 -10 -77 5 9 79 31 -73 79 20 47 10 -39 64 -1 78 -14 8 87 21 20 5 -28 -22 19 38 60 -79 -50 40 -6 -24 60 46 2 37 
97 1 22 13 -56 97 94 58 -22 70 -8 61 -6 99 -43 5 -37 -30 18 16 77 -80 -68 -90 32 -13 96 -24 -90 -71 18 24 31 -76 -1 -36 4 16 -81 -1 53 93 -55 -89 14 -26 74 55 65 -96 
-73 7 50 -62 82 -64 -76 15 17 55 50 73 23 38 -39 27 -72 -78 68 -11 50 -65 -24 73 85 -82 75 -84 18 -58 -12 2 19 90 85 17 33 -67 51 10 -63 36 -82 16 -80 79 -16 -82 -49 89 
88 -9 -64 -99 12 -29 16 -97 -49 -27 -56 29 65 -46 -73 2 -58 -84 83 32 -9 -48 -50 4 22 49 49 12 11 -99 -12 2 32 -44 64 -75 42 50 -11 81 92 -44 -14 79 -19 76 62 73 -9 82 
-84 95 -7 49 -69 -28 -43 35 73 28 -35 -25 -56 55 9 -80 39 31 -42 -66 98 -1 -36 -94 -8 -83 97 -15 16 32 85 -68 -79 43 56 6 63 83 -7 57 -39 49 -21 -97 -35 -92 77 8 42 -24 
-3 6 -46 -69 42 24 -10 -40 -78 -12 26 67 87 -26 70 -70 -8 -42 46 76 79 -96 -71 -72 2 -58 -92 -52 -92 45 -32 40 77 18 75 78 19 74 51 -41 -26 26 -27 -34 -60 12 -84 0 24 66 
-42 21 45 49 -94 -25 -74 -87 -52 92 -21 18 89 -95 -73 80 98 -90 -73 -15 28 -10 54 -65 -81 -91 -2 82 -80 -99 -13 58 53 46 0 -62 -67 -99 56 65 36 -79 57 -56 61 -25 90 65 -99 18 
15 -88 19 -4 41 -24 -95 7 -37 -19 57 68 -69 -46 35 78 -4 -92 30 -56 -87 11 -99 -59 -87 -2 -86 58 54 9 8 -4 -55 -26 33 43 25 -89 84 -32 80 2 -48 74 -85 -62 -15 -26 -32 -9 
-1 -62 -41 58 53 58 66 57 -75 19 52 -87 58 30 53 -81 -74 -66 -89 -71 -76 92 11 66 69 81 -53 24 31 -83 60 50 -49 47 -62 77 48 -93 50 -44 19 -13 -2 -66 -65 -97 -38 -9 67 -7 
12 -18 0 79 27 -8 -10 -17 -87 -13 12 -45 33 -21 43 31 -62 -32 -45 48 -56 28 -35 -46 83 -3 34 -74 33 -3 70 80 -72 -83 6 90 11 26 6 69 -90 -35 81 -69 -11 95 80 -24 -6 -9 
-48 42 -31 -32 45 39 -87 56 -3 6 -21 38 62 47 62 76 76 -51 -71 -89 -76 -41 -16 -75 -97 17 -86 19 -21 -32 -45 -28 0 43 -37 -34 -80 27 -96 91 -21 48 -12 -20 -50 10 -28 -31 -72 71 
88 85 -8 -68 -76 -2 53 48 66 -73 -33 20 78 32 37 67 -24 -91 -35 96 85 -18 -21 84 -5 -18 -50 -55 87 -73 56 9 -56 83 -90 -67 -67 8 90 55 -10 95 -80 -58 -94 53 -84 -70 1 45 
-3 88 34 -98 -21 -57 -51 -32 -72 94 54 -86 1 38 31 70 82 -33 92 77 16 -3 39 -38 91 -63 -80 81 -68 36 -20 55 18 41 70 51 1 48 -56 23 59 27 -1 -8 82 32 -36 37 -32 -95 
97 -43 78 29 -85 -73 -85 -59 20 -76 -38 -8 -69 -23 -64 54 61 -3 -81 21 -48 62 -98 -24 -77 -16 0 59 34 73 -66 8 -13 92 -29 38 -73 18 -64 82 -86 -48 62 -67 87 16 -24 88 20 0 
-19 -56 91 -38 56 -97 -90 6 -34 52 14 -36 -8 5 80 94 34 -31 -65 95 -55 22 -8 97 66 52 -39 69 8 37 40 84 82 27 28 96 -29 28 54 7 -96 -61 86 -78 68 85 -90 65 -79 -34 
-56 -87 -87 -52 -77 -76 -78 -55 8 66 79 54 -42 -31 36 80 -29 -65 71 41 -68 96 -82 41 51 56 -66 -99 86 74 -72 -99 -31 -80 -77 -22 -15 -46 88 -71 -34 -35 19 -45 -42 68 91 39 77 -27 
31 -43 61 14 22 79 -18 39 74 -34 99 17 -67 -25 -27 63 37 -42 74 9 71 -10 49 -49 -98 -47 -98 -40 85 -97 -18 73 36 53 -88 -71 13 -99 33 -27 84 -9 -80 19 -73 53 -2 50 -36 63 
-39 5 22 -92 21 39 -23 56 -66 -81 -38 68 0 -9 48 3 -42 -31 -69 16 -91 -80 -57 80 60 -98 76 -73 -34 21 -76 67 -35 22 -62 57 -13 9 79 -65 73 47 -19 -76 -9 46 13 -55 26 29 
62 -67 -79 -27 67 -61 -17 -17 65 -80 74 -61 -83 70 82 -33 -6 8 67 68 85 -79 88 -57 46 -9 29 -15 -13 -59 87 33 7 -46 -6 -78 61 62 -39 9 -47 82 3 -65 -79 -32 57 -24 -53 -70 
-7 52 -79 12 26 34 -25 -13 -68 53 2 -78 -77 -68 76 -91 -65 -17 37 11 -52 22 -20 62 -87 -32 -40 -79 -22 -50 63 -82 -21 27 86 66 -55 45 29 -46 -69 56 9 77 -4 -28 -38 93 94 -62 
-45 9 41 27 97 -30 37 25 -26 83 -54 -49 -74 -70 -21 21 -69 4 -85 -6 -14 -64 69 96 67 -74 46 -36 -1 -70 -30 61 84 73 -49 -10 -94 -90 28 -77 11 6 9 -64 25 55 -35 -41 -17 -59 
-46 62 64 35 4 -95 81 51 95 14 -96 38 -64 -7 77 -47 68 -24 -87 -82 83 41 -34 36 27 25 -31 42 51 60 82 56 26 -4 -2 16 71 -90 5 -36 -24 -76 -94 -99 49 -66 30 -76 -4 9 
77 -44 7 -12 47 -17 -60 37 5 -28 32 -26 -17 -74 -94 35 -32 43 83 -35 -33 38 -1 -77 -55 -8 43 -86 85 -8 16 78 -67 -15 23 -67 43 -81 97 -51 35 -14 50 44 16 -13 -86 47 64 72 
69 26 -53 -90 90 -60 -59 -78 -2 -7 98 94 22 -65 -4 -39 30 -55 52 -24 -2 34 -68 90 -76 45 25 -62 -15 66 92 -9 -65 -61 97 77 52 -4 -73 24 7 -7 -30 27 -80 23 27 -98 75 -80 
-45 19 17 -68 85 82 19 -18 36 8 -2 85 -31 82 -69 -86 -43 36 35 9 -19 -36 40 97 44 -16 97 -47 -35 20 -51 -86 74 -92 12 -27 63 -39 -86 84 49 -42 -20 -5 -10 -43 -9 -75 -96 -57 
67 -71 -39 3 -48 55 50 88 84 96 -4 -5 55 83 -19 -36 -83 -78 79 49 -69 -51 -18 71 -99 -19 -36 89 -77 41 99 -48 -77 -71 37 -69 69 41 25 -9 27 -78 19 -38 10 11 -41 -30 12 -98 
60 4 75 65 61 34 -55 59 79 84 84 -41 16 75 -78 84 -42 -1 3 60 -81 8 79 -77 -90 58 45 -23 69 -27 57 -67 44 73 29 22 93 58 -91 -59 -97 -60 44 -59 -94 -72 -1 29 -15 -75 
41 -51 -5 -84 80 -39 -74 -52 -66 22 21 84 -41 65 -83 -94 -47 98 -68 83 0 -35 -21 51 -83 8 66 -84 -36 94 92 82 -48 -31 -37 -48 -56 -77 -31 88 -4 83 -33 73 -32 -89 -60 -58 -46 75 
-57 49 -91 -31 -99 77 95 80 -92 40 -91 -28 -98 -86 -19 13 -22 87 -70 -74 -78 3 33 -5 42 -90 -51 44 25 -47 85 26 -62 87 0 16 -93 -63 -14 -28 84 -31 3 -14 77 55 -10 -63 -93 -47 
-87 -83 43 11 -9 20 -43 -46 -88 69 -73 -27 13 -13 -29 -72 54 -63 -54 12 74 -72 -32 -37 -36 88 -69 -64 48 92 -4 -26 45 4 40 25 94 -84 -64 35 12 85 -86 -35 -52 90 80 94 -3 -15 
14 17 -74 -46 -30 -56 -80 -74 -46 -80 -25 59 72 41 -41 60 65 22 -87 71 -82 -27 83 21 32 20 -84 -35 81 -25 33 -18 -45 -76 49 84 18 33 -55 -91 16 27 -68 -86 71 -27 96 52 51 40 
30 36 84 -82 41 -98 -91 93 83 1 36 -47 46 -24 -12 -29 36 51 19 -53 -74 75 99 -54 -35 -39 48 -83 -82 -90 40 49 -89 -12 -68 18 -54 -86 15 -64 35 -49 -18 -60 -1 44 -86 -76 86 -50 
-11 -71 -37 28 -99 22 -8 68 95 82 -44 57 -10 77 27 4 0 82 68 6 -63 -41 97 65 75 44 1 94 -21 -56 -51 34 -4 85 99 -69 92 3 18 67 -42 10 92 -49 35 19 -65 -12 78 49 
-40 92 -30 -93 -53 22 45 37 40 -5 8 -79 -82 -8 -54 -79 -70 -89 61 26 -13 17 22 -30 91 -58 -42 96 66 6 -1 52 -13 -20 -9 48 0 -6 5 -48 50 -88 5 77 32 -63 -2 -67 -78 -10 
-92 28 -74 5 -76 89 57 74 -16 61 -64 20 41 22 56 38 56 -82 92 -80 43 84 -90 38 -45 95 11 78 -47 82 25 20 -25 74 6 83 -58 -36 42 -41 -11 -7 -1 25 -70 18 92 -64 66 46 
0 -36 -36 58 -88 -68 85 -14 -81 57 -76 -5 69 15 -11 24 80 65 68 -82 46 -99 90 36 -72 -29 33 -39 30 98 -97 -43 -86 54 15 95 94 -21 73 90 32 76 -60 -44 -38 -48 -15 2 76 61 
9 0 12 32 53 -5 72 -88 -30 -31 81 -80 -45 -93 36 14 25 -56 -25 -72 -93 12 41 99 71 48 -45 -30 47 59 -62 75 -84 -6 97 51 22 71 62 -9 2 -45 76 18 65 -56 51 -34 -66 -48 
82 89 16 18 -86 -14 -94 -52 -16 -30 -31 -87 -46 -57 -84 9 70 -50 -15 -70 71 -16 -30 96 50 44 -82 -85 -15 -76 61 -74 -41 -62 84 -31 31 95 4 -2 -8 18 -8 -61 -42 61 52 17 -18 -52 
-86 29 88 -37 94 29 -76 11 -91 62 -54 -1 39 -64 26 -91 34 -78 -11 11 -20 -68 -62 -61 69 -90 -2 -12 82 55 23 31 20 91 -21 93 -24 56 -40 25 14 -42 -79 0 -55 50 51 66 -28 -2 
-75 -53 87 84 -8 -78 67 -71 -2 46 4 20 -64 12 -99 -97 -43 -95 -73 -60 35 90 -10 -98 41 -38 35 -3 81 -27 -20 47 -9 81 28 -19 -64 -80 30 95 -34 -79 65 -61 -61 1 -73 -91 -21 -44 
-96 40 -94 40 -29 55 -82 85 81 -98 -92 18 -12 46 19 -46 -49 14 33 45 49 -32 -16 58 -42 -99 63 66 -81 20 82 34 -88 45 5 4 4 -21 -23 64 97 17 68 -45 38 -28 -80 -65 -19 36 
90 43 -5 -94 83 -65 -46 57 22 44 -59 9 -81 23 66 38 49 4 -84 26 52 23 -55 -6 -20 32 84 -8 -50 -48 26 -37 -5 85 -84 59 -27 56 -96 90 -63 64 -30 44 -50 35 -3 33 97 95 
