50
-3323 4676 6886 -1355 -4706 -5719 -467 3619 -2495 138 6287 486 -1482 2629 -4413 4781 -1930 4094 -2912 -4414 -3336 -1604 -516 -1876 -5142 7524 5526 -1002 3843 763 769 5248 -3299 299 2910 -1711 784 -1744 639 -4521 59 2828 -1928 433 1346 -3402 7105 5392 -6818 311 
1612 -1774 1458 1927 4431 330 793 -3221 -1468 -1988 -76 1289 18 7 2199 -3965 -1674 -1149 582 3267 -2801 -1162 -983 1425 855 -3427 -2015 3983 -353 1279 1911 -1413 5146 3318 -2792 3655 -4702 2909 -4039 3114 826 193 4781 -176 551 4185 -4423 -2872 2067 938 
-17180 8959 12112 5534 -7917 -6201 5588 10183 3591 -12290 1223 -224 1635 368 2522 239 4439 10363 123 472 3994 -665 -9898 2397 -13481 9442 11994 11220 5002 -5764 -3358 8614 3060 5475 6184 -13279 3114 -3055 3622 -9866 -5874 -4476 -4007 -5712 4459 2363 5653 -1403 -12098 -3598 
-10470 210 12664 8713 10571 -2516 731 -10497 -5988 -19954 -3542 6109 1230 965 11119 -11005 -1832 4539 9214 13293 -219 -4374 -14481 9271 -6265 -1553 629 22851 2437 -333 -3315 3495 24246 12186 -3680 -3431 -2166 2969 -9049 -5854 -9468 -3431 6093 -5080 -7901 16491 -17159 -13586 -709 16 
-6801 2366 16997 11039 -785 -7822 6165 4572 -5318 -14189 2408 5261 208 -113 10932 -9991 -5415 7208 -3508 6955 -5836 -3070 -9477 1694 -14355 1694 11298 18857 9791 4047 8275 857 15668 20076 5260 559 -16891 2844 -13627 6049 1746 -5251 11340 -1164 11344 9842 -5347 -7480 -8055 -4520 
6255 3924 2114 14814 6220 9181 -8034 6620 7792 -4117 2151 8653 14929 -10256 -788 8676 -2581 8220 3730 4898 -9159 -9667 -5913 5119 -3989 -1245 -2103 -2002 253 -4200 3909 4238 -5062 -1466 -7284 -7565 -1141 -2701 5430 8225 4726 -12652 -4914 434 6212 475 4565 5644 2435 -2146 
1670 -8102 -5871 11717 5731 6132 365 7714 -5884 3097 -7104 14773 12737 191 4755 2964 -4779 -899 1023 10799 -2804 -3015 -16329 7075 -10289 8432 -10063 -9216 -577 1249 8248 -44 1431 -1523 5765 -10789 5839 -9389 9979 10721 5312 -1429 7732 5015 12334 -793 4470 5906 12490 2511 
-5635 8561 3819 -13247 -3593 -8830 -3010 -11376 3126 455 3833 -11103 -14291 2337 2442 -9758 6772 -960 4274 -9170 3193 4704 10689 -3165 4586 -4057 11636 1779 -989 2807 -8532 4083 1246 -455 -3213 8658 -3313 8362 -11689 -5323 -7921 4360 -8080 -6923 -6428 396 1551 -9363 -9626 903 
1219 -759 -8914 -9226 -1058 -8106 16493 2354 -7130 11808 -7521 -7982 -2466 13682 -3823 -868 5709 -8723 -15259 -3753 8811 5027 8314 -17012 11119 -12449 -59 4621 -6010 -5216 3390 -9871 -7635 880 132 -3929 -10828 203 5738 -10880 535 10543 7430 3674 -5580 -677 -12859 1691 -4658 -1866 
-5081 -18681 -2398 3391 1909 2931 5310 2142 -12418 -678 -4502 11134 -1900 4586 1025 -2719 -7384 -3083 -4865 11416 6668 1771 -14753 8561 -7363 15513 -15640 -2571 -284 4885 5742 -3503 10373 1846 14443 1063 13433 -12771 6105 6907 7474 7653 13937 6306 6453 -2552 -111 2004 16576 -447 
-8325 7502 10637 -4681 -10287 4221 7946 8839 4760 3612 -9216 -8674 -11164 -3588 -3619 1603 2853 -891 8036 3220 6755 -3783 56 -324 -2467 12328 -3142 -9839 278 9434 19518 -6019 597 -8693 7503 7973 908 8521 -10096 3568 14684 -2801 13367 2931 -1533 -11189 1389 3536 -3345 -3583 
-4842 13693 9733 -196 -9066 5719 4165 10503 1897 658 -4044 -9599 -8404 -6702 -5869 2627 4270 -5676 3128 3097 3181 -6067 -5064 712 -2069 9353 -6946 -8671 -6047 3643 16249 -2764 2941 -9568 2131 5892 2642 13278 -5323 3214 9286 -1505 12548 -2000 -5252 -9062 -3920 398 -7459 -8407 
3758 2963 11277 -3308 -14406 -1081 8461 8201 5533 4296 -5770 1195 -12830 -5582 -10171 -7635 7442 6900 546 -7701 8465 1017 -1468 3832 -5255 5515 792 -18141 3673 12987 23935 -2172 -5701 170 1789 13694 5726 10448 -8315 10668 12430 -3499 19804 3878 -3908 -8864 1582 4042 -2349 2795 
8560 -9011 -1843 -1352 5778 -11095 -3653 -4699 1085 -3104 2958 10891 4540 2514 8117 4607 3928 3584 2072 -4001 -7113 6831 6188 -4504 6069 -7425 -1052 3529 2023 -1527 -5577 -4764 3187 9106 4199 -3586 9444 -10266 5303 4468 -6274 -3857 -9736 178 6696 5608 2648 -4124 5115 519 
-8352 18665 2251 3786 -3345 11530 1273 6445 291 -1153 -1295 -13342 -2785 -10515 -6038 6081 1969 -10833 -790 7287 32 -12650 -9293 1774 -3769 8757 -10828 -3998 -10083 -1216 7972 1461 6471 -13526 -2164 4501 -649 13362 -3527 -386 1951 1133 7033 -9005 -12930 -6556 -8915 -2414 -12504 -13986 
-4275 -6443 1005 -10087 4346 -3127 6226 -950 2304 -7153 985 4418 -5860 4157 -6504 9146 7294 2855 7402 1438 10904 128 12772 -4908 8852 -1575 -7165 15002 1878 5430 -14775 15003 -6424 5222 19475 -14149 4831 8734 -5185 -309 9709 -5605 -4432 8410 -1653 8214 1289 -1713 3886 -1124 
-7340 9930 -9741 14425 13039 -13775 619 3044 11936 4022 3622 2043 -2723 -6052 -543 -12139 -282 -18664 -15247 -6977 3679 4223 -1897 9862 -6709 11294 -1267 -9455 -8070 -8466 10572 -8791 -8459 -12783 -3582 3431 4463 2421 11177 13827 -9954 4611 12220 346 -11303 -1821 94 4024 8142 -4461 
-4534 2678 243 8091 13424 941 650 -4950 369 -4451 -5426 5352 -5414 6838 8730 -271 -5764 461 -2487 3761 6396 724 2224 6790 2567 -6988 -6230 -3376 -553 516 -3813 1727 -3004 13462 -1165 -3586 5637 10687 -6631 -7180 4570 8046 -3911 12570 305 -6031 9114 12109 -6935 9664 
-1048 6582 -217 -11983 -8759 869 5917 40 1154 -9416 6390 -10607 -8121 -15136 -14649 -8875 9658 -3598 5541 -4029 -2387 -2563 3621 -9358 5103 11382 -9081 16359 -5188 -7634 4978 1549 735 -16993 9100 -4843 6191 -2435 5125 10837 -3478 -7595 6234 -8902 -5867 13587 5326 -16198 14236 -403 
8908 -7677 5322 -3570 2880 3002 -11143 -3984 -5267 1334 -13498 9149 4488 16242 11413 12277 -1278 4657 7444 -9 1271 1715 -3955 393 -8488 -13565 10216 436 9421 9553 -9967 5079 8369 22345 3317 2824 -4036 -7798 -13438 -6246 6167 2135 1090 9882 9774 -4712 -8008 12455 -1877 -3354 
-898 -563 8445 -3602 9215 -3693 973 1038 674 3929 8823 -11719 9417 -2186 5596 -13440 -1553 1187 7481 -5916 -4311 9261 -9581 -19117 2649 -1582 -4059 4402 -156 -10461 -7582 -9881 -6761 -8897 8391 6333 15022 -3802 -6815 7673 5598 11221 -1880 11799 11803 -9627 -651 -2657 -1008 5354 
2576 -2340 2322 3250 7113 -2142 -3236 -1136 2922 2850 4637 -6645 4948 -3257 50 -6681 2121 2662 1423 1270 -4639 4799 -6048 -9519 1016 114 -4803 4339 3465 -7360 -2602 -3976 -5681 -5867 3761 2393 9247 -4582 -2009 7018 4768 5764 2439 8434 5290 -5954 3131 -2695 -2977 5177 
9176 -8437 11351 2782 5514 11539 -115 -13622 2682 3393 1482 -10482 1979 6645 9050 -6437 9952 -5289 3576 -1158 4496 6974 -3575 -12016 -3157 -5568 6416 5191 7631 -10303 -11528 2301 -14810 -790 -14 13960 10777 -20696 -9228 -5533 -1946 19217 1707 14543 11923 -5455 10504 -10086 -8749 -2421 
-420 1970 5812 1920 11240 -7834 -742 2153 557 3512 10725 -12079 15748 -8570 2027 -14239 -1317 6287 5660 -2937 -5765 7684 -10422 -19953 4564 1946 -5690 7146 2707 -13904 -4424 -13253 -11931 -16684 6896 5573 20226 -5282 -7583 13638 10157 12305 -3572 17026 12588 -12602 1061 -5630 -2564 6548 
-1669 6186 2791 3539 4591 -9398 3072 3141 -3919 1465 9959 -6075 18013 -10138 224 -10508 -2791 7815 2745 -2842 -542 1962 -4626 -12869 7279 3927 751 4892 2390 -10836 -1993 -12534 -14736 -18980 1828 5390 17972 -4912 -10431 10490 9945 12198 -9744 15734 11949 -10055 556 -7032 160 -198 
1718 -9670 3970 -12265 1832 -13215 1146 3206 1397 7330 10928 -4711 -17254 -137 7166 -1 13813 4804 -3182 13672 -1696 -12272 -11760 6981 1254 469 -18654 -19345 -17392 15915 5161 4634 -1730 1489 390 -17328 8235 -368 5490 1626 -5834 -3234 1240 3472 -7038 18682 11796 -846 9878 428 
8472 8031 -5628 -3776 -10878 9448 2557 -7002 -1194 -1774 -2356 -2682 11718 -7500 -7097 979 -9121 -12467 -3688 -3912 -4477 1536 2582 -3159 5499 9526 18514 20677 11838 -18737 -8910 2369 -7106 4630 -2061 11224 -12717 3088 -1959 -2631 3584 -3158 1597 163 -1397 -11647 -9292 1738 -5398 990 
-7704 -7474 7795 -16012 12408 -5924 3212 -1870 10314 1198 -2925 5136 -2606 -7609 456 2702 4931 -5120 1823 15531 -10248 14 -16481 14369 5586 6061 -11788 -6473 -11937 6431 8591 -4944 8145 7690 -5137 -8042 389 1026 -709 -4052 -3619 4232 11449 7785 382 -8 9494 6210 16113 1219 
10250 -3767 -18027 5543 -13282 -4779 3477 -10026 -47 11554 4155 -5889 5098 13814 14479 12910 10649 519 -13811 -2253 4917 -9306 6033 2213 -8671 -2056 -2136 -2119 7657 2735 286 9425 -8263 -3143 13226 -1338 11893 -14274 1276 16529 -8653 -9252 -6324 3210 -12027 -835 -6470 -10902 -1939 1025 
-953 -5040 -15440 3566 -233 -737 7897 -16177 11070 9247 -11720 6377 20367 9159 10492 18490 4763 -7906 -10202 1303 -1970 3985 728 11954 -7798 1612 -1523 6050 11442 -1110 8453 -489 3268 1668 11021 6199 7882 -15916 -5360 13262 -9772 -149 6038 8666 -4193 -19858 -7632 -6818 8268 2695 
-2098 1080 9036 -9524 5671 -9055 19878 13292 9728 7608 5494 -6255 715 7943 8584 -7488 -13771 8875 3525 10462 330 -5721 4712 11659 3780 -9103 -1136 3363 1010 695 1631 -8707 2675 -3347 -9566 -10149 -2957 2953 -8102 6657 -6735 -7188 12197 2500 -2954 8907 568 49 1403 -12155 
7896 -13291 -2471 8151 -1638 864 10276 -1614 -2644 806 -3800 3199 -7017 4914 10806 -7606 -5735 -7976 -3476 5210 -2195 -16128 -1652 7337 -5545 -2605 -10154 -13663 -3948 12482 -9772 -6427 -4275 2435 58 1376 -8642 -9365 -2347 -8622 -11457 1281 4893 -4931 -16245 9385 -16859 6757 118 3659 
7585 -16035 -14997 3843 4509 974 3466 2066 -4331 -4269 -3723 -16289 -10300 -2102 5860 2590 13390 2221 -821 -3642 4551 -11376 -15203 -3150 939 11098 -4568 -8633 -12819 15143 -12465 6643 -1223 2012 -3111 -5039 -5581 -241 -4635 530 -3613 1441 289 -13618 -1873 3328 -6300 3929 -6151 4858 
-10964 -298 7330 -14174 1210 -6750 1044 4284 6648 12224 5816 -7104 6716 1990 -6372 4108 6692 7714 4134 -2448 -1106 6390 5840 -1656 -1138 7128 9388 6316 6572 -5998 9934 4116 10336 -6200 -6856 -4838 -2754 6456 -11778 4510 7324 -5974 -3680 582 17426 -2448 18086 -6072 6142 -1168 
5415 -8615 -3247 7952 -5005 3242 -4552 -7161 -4039 1281 -1104 4604 -2504 -1993 -907 3582 7975 -8552 -3768 -894 -5322 -2874 -957 -2246 -8202 6199 -3383 -9185 -2280 5006 -3262 2879 146 3782 3588 7052 -6087 -8754 -615 -5695 -311 2520 -4258 -5440 -3254 1269 -3203 -1245 4793 10457 
4505 5650 -4880 -1327 -1124 -3392 -14727 2951 9616 -5821 5437 4223 -5263 -6736 2864 -5382 8966 -11166 -10809 3116 -2779 12980 -1012 2164 -8830 9209 1551 -4168 -10095 4489 7439 768 85 10860 -4388 6115 -1611 6359 -9197 7211 -5908 2914 -9829 11677 -10198 -2151 -572 8865 -4561 -855 
2388 -6535 10362 10635 -1571 577 3773 -7512 471 6791 2886 -1889 4564 -4713 -3983 3922 -10695 7752 5601 -213 7890 -5494 2881 2839 7351 -11119 -2318 678 4910 -10793 746 -7236 5789 -4335 1606 -6017 -2411 483 9901 -3965 10204 -2139 -4522 -1815 -2926 6540 1247 -8594 -5101 -250 
6253 -10266 9320 353 -8260 12578 -6255 2237 -130 13831 1121 14515 57 -6764 3500 1440 -9086 2894 -4951 7574 12083 3410 -8908 16312 3380 -7875 9833 -3212 2471 -9539 10265 -4648 9535 -1420 2570 -173 -8837 9587 1749 -3323 9518 4786 -2451 -2663 242 6107 18294 -7747 337 4613 
4720 6570 -8809 -3275 -1766 -1169 -17842 6619 10267 -7588 7201 8255 -5575 -7131 4851 -5949 11725 -14842 -14626 4537 -2178 17934 -1324 4782 -11727 12726 3483 -5825 -11736 6806 11082 813 201 13743 -4612 9000 -1902 7591 -10847 11517 -8115 5214 -10087 16317 -11611 -4095 1246 12043 -2359 -186 
7505 -8143 11159 7189 -1835 3107 -1348 -6157 4007 8833 5714 -1607 4025 -8915 -6416 5207 -13736 5490 -2823 -1451 6598 -5787 4250 4014 11516 -10231 -650 -1141 6076 -11852 2036 -4638 4842 -1416 3839 -6801 -4131 2925 11519 1718 12741 941 -9582 997 -3749 5882 5417 -11474 -6814 4148 
-4788 -22801 -1555 -812 12383 21303 -13480 -1400 2503 -23866 -17743 8984 12440 -9005 3781 577 -11208 -560 21858 -15870 7630 4653 -8845 -8260 -3483 -9030 -5729 5304 20572 24235 -5001 9616 7438 12490 5098 -9389 7088 -1714 -10024 13137 9928 -10968 -10431 16901 15640 20165 21534 9265 20648 8452 
-9028 3999 2569 2806 -6929 4202 -5365 -4383 -16399 1978 -2178 4407 -924 3557 6049 -1536 -2697 14631 -3121 -2486 -5781 625 -5262 16189 9946 4771 5181 5048 1453 346 5272 -982 6286 2833 10853 -7365 6288 1271 8020 -6487 -5052 -10236 11851 2027 2808 -4183 -3740 -3634 1794 -5044 
-399 1609 -2681 9464 1875 4184 -9150 807 -7929 -3978 -4217 -974 610 1045 11245 2917 3827 5715 -2344 -3329 1881 8431 -4294 10651 -381 -6230 -1808 6244 -1885 -1216 -6556 -11835 -3012 -2327 -5808 2899 5987 4993 -814 -3895 8264 -7829 2616 2621 11272 -5649 -5616 -2143 6240 -7500 
6612 8989 -2993 9090 4727 -7182 7694 -813 -491 3738 6003 2556 -4725 -4601 -3609 5669 3463 1506 -7526 8769 1959 3960 1015 8596 -3269 -3029 3519 2604 -6256 -9745 -2410 -9136 -1724 -15603 -10860 -527 -5360 8615 -4057 -6077 6198 7369 2412 -11078 -710 -17316 -14013 1348 -2762 -6740 
-10208 -10500 9148 -7250 1486 13165 -18222 -2869 1768 -8244 -11520 -12416 -1545 7926 13644 -6462 5419 -4886 4508 -10661 2129 753 -9918 -7196 2744 1885 -15914 5708 2080 9706 -4747 2080 -5370 20291 8434 9528 12052 -5331 -3837 7004 -1942 -17155 -10243 14851 12838 19921 12013 -1695 7714 -4848 
10010 -5874 -2368 -5016 -10992 -1398 102 -3326 11824 -320 588 -4908 -8658 5152 -2538 -10682 -7002 3260 9010 -3410 -6618 11944 -2268 -5930 -7744 -148 2250 5070 19136 9478 -9760 1988 -12218 8556 -5858 5112 1862 6082 2808 -10420 -2098 -6758 498 1196 10270 9096 7290 3112 532 2634 
9961 -487 -9732 -64 -14852 6701 6159 -6829 8051 573 -762 -6831 -9164 11818 -884 -13685 -4697 6142 16996 -9103 -9143 12649 3740 -5181 -9317 -3873 1158 9327 18211 5974 -15973 -4638 -17936 3276 2215 -2870 -2055 5812 1615 -6178 -387 -5913 -673 3180 10942 9056 6085 -2439 2249 1607 
-3151 302 -945 1258 2374 -339 1208 -6288 571 -5169 7984 -6600 -84 -1061 5589 -3929 4354 -636 -1345 -11302 3813 49 661 624 5419 -9920 8461 -4178 -6212 4486 728 -4451 -5970 -4885 776 -1817 1429 -4834 753 -874 9474 7212 4913 -2424 -9786 -13713 -941 -11665 -5629 -6529 
-609 -3064 -6050 4095 2308 4572 6303 8215 -8759 7599 1608 6117 5126 -3096 6770 10276 5960 -4370 -4522 11847 3999 -8747 3648 7104 -6897 6186 -7260 4193 -6597 -9129 -2696 2990 7614 -8459 6182 957 2215 4517 6688 5709 -9273 -7884 -6592 -235 6978 24 -4281 6544 10982 9866 
4694 -4303 8108 -10528 -8819 -6062 -3595 -15710 12083 -7075 10201 -15096 -9797 6026 1489 -15198 -8284 8410 9566 -8782 -2647 12912 -2008 -13093 3331 -3988 3280 -729 13072 12746 -1042 -245 -14921 8166 -9763 2841 -642 -3016 -4089 -11456 6361 2186 6968 6237 -3785 3085 4743 -139 -2804 -3481 
