50
865 1117 23853 -5465 20999 -7297 -18157 -5654 -5127 -20424 16508 -14232 -8175 -25442 25993 6002 -866 13791 -14463 11891 -25146 29641 -26545 1663 -1049 13047 -8927 290 1202 36957 5286 12687 3892 -35404 -21150 26634 -5003 31857 -42675 -14302 -27503 -16207 23152 26510 -5189 27836 25407 -9987 -10220 -24009 
-495 40890 32777 -12846 6386 14165 -4125 -4587 -35496 25251 29732 -8905 3958 -10267 -39672 -13715 -4125 -22764 -8959 -12762 -22020 16813 3509 -39355 -3973 -6505 24554 -22659 21601 -1274 12798 28877 -13922 2455 -30169 14558 -31930 -26864 16907 -15750 38117 -467 7873 20547 -24439 -18878 49124 1750 20145 -27849 
34287 -3539 -18546 -18741 18517 31050 43932 7813 -7300 -28066 -10476 20565 19187 9231 53471 -21581 306 -16041 5227 -1414 31096 -2756 -29195 27729 -29686 41475 -20118 -11317 -29114 -57 -2133 31054 8755 8726 -16478 5234 -1635 -16235 -17488 33486 9993 31394 -39879 4456 -14821 19900 -20236 -23533 13983 41811 
147 622 402 -34147 39357 -24881 -34626 -19727 -20888 -20512 14602 42622 20697 -14563 28018 39043 -10501 -6173 7007 27920 -32190 -33619 -8694 13722 11364 -4805 17063 -37554 -10880 -3283 -10024 22283 19161 -16401 925 9938 -26814 -7454 23724 -21091 2464 17307 3238 -7731 2839 36680 19340 6424 11644 3313 
610 4885 18219 -15988 23283 -24852 -27949 -24276 -35990 11642 8291 -17039 -30280 -38784 7570 19943 21867 4379 -16233 -7838 -45317 41993 -10425 -36413 -20824 7995 24478 -5226 -1152 28018 2122 18339 903 29015 -20068 34186 -53572 -21151 -15533 22877 2674 -27235 31105 19857 12845 8923 20111 14663 -6067 -13107 
22589 -17719 44666 10774 16655 -9679 -6918 4301 14945 -21719 21087 23317 -15921 -5389 12176 -7575 -12320 -7883 -10529 -103 6288 28716 -45594 19539 27672 16526 42818 -12547 11317 41555 9876 12602 -14478 -4179 31753 24525 22869 20010 -13631 24922 -39866 -3839 13675 1126 -6215 9417 -4892 -23593 -5332 5569 
-12927 226 -6802 29647 8223 -2020 -8720 27180 5582 9753 -19671 -26304 53809 15461 8940 -8225 8575 12761 -23618 6089 -2938 -32442 30283 -13082 4906 -3283 -2581 -19972 -34472 -23766 10825 -10608 -15070 -25672 -12507 -1782 20338 19723 9412 -4106 -7134 21213 -213 -26474 -9055 -17877 -2257 -10173 10999 7753 
34135 31910 -8406 -20573 -18268 8874 -19368 -1898 -26817 -45183 -1114 -56185 28667 -15714 14153 11228 -3696 -17706 -12289 5498 -13199 -607 10156 -5740 -30759 4278 -35447 -5348 8617 -47678 22324 25814 -16719 15500 -33757 -11520 -47117 32872 31486 -10438 -9130 9036 8979 8390 -20972 35798 17347 25739 -3587 10748 
13544 39019 -15726 24217 -20008 -15697 16140 -10121 4319 -6349 29627 -50096 31039 -41685 -15246 29145 29811 2463 43274 -13045 39055 2580 43267 -46808 -9647 -20623 -20185 -7527 6442 -47429 49189 3794 -31373 -34195 31937 -6192 40162 37945 -4623 -32894 11144 -5037 -3004 -11270 3910 -13140 40460 15621 -8941 -30248 
-45887 -2741 3795 26782 -7207 5472 -19205 -3311 -18230 -3557 -17681 -22406 45968 11994 18520 10801 7458 8106 -12966 12146 -41732 -4228 30974 35915 -18373 28907 -36509 29012 -8722 10277 31728 -33880 -1800 -29748 -663 30352 21760 15043 -22027 3417 -16 -15716 2844 17650 -4268 -9791 32727 17453 -21120 -12501 
-2150 22838 -8458 -36626 19844 -17600 -10877 -16056 -8195 -25682 -14758 37772 -3845 -5182 -8147 -54893 -12283 -34692 -22948 13095 40663 -57730 -11210 -22235 23302 -51059 23877 -23107 -35286 -19296 13911 1297 15248 -15646 23124 1608 -14993 -10239 7479 -2573 26098 14576 -50418 -25141 -5245 -3165 18713 -24256 -15993 2368 
33168 885 -7501 12974 10442 -29651 -15485 -57986 16800 -27158 19878 -23188 10239 -29078 -29899 10374 -28145 -12105 11798 14815 -57500 48278 2684 15241 -11548 15610 4309 -32793 35240 -4358 14865 -2100 -41234 -47653 -4840 -14247 -1891 6935 -16488 -5569 -16088 -58153 19174 -7387 7146 -16113 -631 -27150 4488 -34610 
4546 1464 -15279 -12886 -45206 538 -23181 -3240 14050 -17409 -13119 12406 43103 -7017 -43085 13062 -11214 -11397 -12030 33859 -46305 -8899 15153 28526 -30620 5363 -15360 18012 -14927 -14743 -6495 -12678 -2331 -34900 -8881 -34785 -19494 3081 -3599 4258 28771 -12093 40558 9333 17463 37858 15650 -5557 -15486 -445 
-28457 -11499 3848 -12564 13857 -10459 -26192 -1536 -17082 9449 -9878 -7639 -31383 -8542 5344 -1150 39570 16118 -4806 -21024 -4584 -14649 24364 6630 -13774 -165 9592 2024 -21845 12910 2628 19291 -3855 -2744 -9171 -4239 7951 -46362 -28570 44528 -600 11631 3088 1523 -6938 -2254 12223 -4957 -27477 -10625 
-9994 6246 4753 -15953 25479 31745 7829 39985 40991 -48378 5446 21098 20869 14708 -25745 -4491 -24312 34367 58184 20765 -4147 -6745 7961 -2357 -44095 -14570 38537 2306 -21343 -11000 22344 23056 -19809 -29016 -32074 -22201 13246 3521 15708 -18196 66690 -4775 10011 59962 -2539 -35954 -8001 -29504 -24014 31665 
-13239 16007 -5881 19767 7201 59597 -24907 31707 20602 15505 -2597 27866 -4064 -9800 -31957 -10786 13834 24933 -2879 -17789 2142 -949 -8990 -44781 -63649 17561 32138 2781 -14972 -7075 38463 -4657 -35219 21240 -540 -7457 -1378 13444 -40579 -7972 57890 22672 19085 29481 10212 -46371 55414 32216 16772 7200 
-31975 30549 -4684 -4993 18247 8916 37018 -7816 -21638 -20095 -23504 -26772 280 -29270 43802 25836 1157 6146 -35824 986 -52527 20722 27159 -5259 -1260 -16068 -26608 47999 -24276 -14542 -17414 2238 20509 9844 -34483 30879 -80256 10667 -23897 -9134 -7595 -53659 13603 10584 44615 -6431 -21245 -19648 -44688 -40960 
2546 401 -9915 25593 -37660 -38664 -19204 13563 10939 -1769 -806 -22725 -11012 -3525 6235 21181 20745 4730 -25947 -28252 -10303 14120 -13875 -8732 -33215 18954 -8764 -636 -6713 17383 18328 -36975 -15593 -58025 -8773 -17641 13445 5617 30112 -10399 -29723 17290 13357 -3867 -20257 -41295 33565 -7700 -14169 7425 
30571 -16304 4890 -7379 35958 -22405 16657 -4746 -34753 1878 13270 -56672 15010 -28548 -8192 10764 -16103 977 -27340 -7398 -5828 15480 33934 -5382 21186 35809 7566 1031 26623 -26190 -28878 29142 16758 -6065 -23729 -9330 -5719 -14183 19502 -4470 -11467 -3347 23419 12582 9302 33856 -10629 24493 -10285 17215 
17206 8505 17272 -37016 39547 19015 -47552 10499 17824 -17299 -10090 -12198 -2727 14330 9814 27617 14127 52439 17496 68512 -5228 -4792 12443 14322 -54805 5981 -10701 -7004 -22248 4190 40086 -10478 24392 9227 -52085 -8639 -33347 14637 -76532 4328 15661 12312 -16728 36781 4148 42453 -32912 32160 -8163 -20825 
39045 -17848 28382 24412 -64603 8161 14451 -22062 -1951 6865 4121 4789 -19825 -8231 -26290 -6442 27108 8064 3949 -17050 29158 37088 -11330 -13666 -11576 12015 14111 -20875 -7550 28352 -33219 15633 7011 6971 -8783 -19105 -3476 -41345 1019 20893 24323 -7380 3244 -30392 20451 23558 13343 11058 20396 -2838 
22715 -11753 -35703 -30009 -23086 14493 -13613 2179 -26663 22829 -19606 12610 15676 36287 -7306 13646 -7930 -295 35727 76358 -14114 -46619 7207 -54 2620 -4599 -11236 21008 -13139 19416 10306 -20666 13452 -27204 -9597 26597 18289 37132 -30865 11883 32189 -1212 -13691 11740 -6574 2025 40782 44928 8776 1573 
-17280 -171 1891 -29083 18463 -33846 -9078 9039 -11083 -5901 13412 6536 -6807 -19604 6484 -19071 -49987 -12358 -26310 -25700 -35578 8327 -19597 28681 10910 -11311 29486 -6809 -15826 9401 -5090 2428 -29973 -6051 21592 -8125 -29187 -3553 34018 24255 1894 2374 26025 30594 -5977 25627 -30442 -41186 -20146 17726 
51378 -29784 21945 -11041 12269 -32920 13291 13176 -1485 40667 28653 -17042 -2404 -1734 -23207 14807 2371 -3304 24412 -19043 -29379 39247 -2050 -17278 -45338 28279 33260 5927 10910 1646 21332 18712 -30425 26799 9055 -3643 -2157 -11012 21394 18193 -10615 -16734 25952 12688 -14076 4522 -12474 248 14249 -17160 
5300 17071 -21396 -16106 -8782 -23067 -51586 -31355 18091 -10009 -12861 -17602 -21228 -14948 26048 9740 47162 -11646 -20941 15264 28097 19512 -8741 38428 23492 1086 -29542 4595 -3975 -5025 19854 17797 7285 474 -2798 -936 -20426 4221 -34270 8542 -42314 948 3496 -62186 28155 12939 -11456 2072 -12401 -15039 
-11464 -10501 9922 29679 -632 -2342 5763 14273 -608 21016 4459 -41666 -13885 -26278 8539 -11019 -263 -18862 11694 -33823 24792 38610 3380 -37292 -382 -3502 -1553 38505 -23608 9458 11443 12552 2723 1164 23035 19342 5411 -27903 4151 -18843 -1447 -36134 6467 14453 -7555 -7464 -18881 -18459 -1856 -11023 
20526 2450 -2457 -24202 44041 -1265 7337 -12871 -12453 -32197 42526 29149 -53042 -14856 22196 6034 -47352 1228 -12089 5777 -9780 28990 -27064 35259 -17851 -2422 -1864 -46162 6790 6102 -4231 18040 34352 -41151 -39576 -26711 -43872 -75251 14819 -33901 -5350 16613 -30018 38329 -20421 5457 887 -45452 -13409 5915 
10797 58134 12078 -14761 13963 10940 1613 12616 1874 41814 -27060 -7113 37401 24185 21702 -5633 29630 11062 7013 21205 13958 -26382 25735 33770 -29281 10211 -22969 -5945 -50124 -23144 51051 -19246 24819 -10953 -2122 19316 -12404 37783 -36126 -35368 -433 -2457 -41010 -24357 12787 22105 29450 23714 43945 -58443 
4255 7105 -41350 -33261 -21546 -4792 13535 47680 5059 13298 -14054 -5906 -19691 2293 8874 19955 -33849 -25498 24393 22675 14599 -36359 -15166 25574 19451 -18460 16952 12933 1306 -12337 25471 16243 -23455 32854 -8586 -6308 -2590 -8234 45698 -886 24018 26399 9525 -18303 -5026 29305 -4814 1286 13501 -5364 
-14113 37946 11995 47479 -46962 27193 26336 40041 4175 13809 -45551 -1478 49972 14578 -39953 14546 25446 35797 -3591 -38748 12390 -23192 34871 -12877 -33026 -11299 6582 19483 -22573 -46596 20931 -5229 1793 -24404 1842 -50044 4813 2940 -21499 4231 61251 42155 17750 -9089 10355 -1043 25469 -8220 -8848 -15001 
18470 19652 -3627 -18976 11907 13784 33410 -3578 760 5350 812 -13459 -5185 -6083 -6557 -32818 -27818 7970 11269 13637 28849 -6330 -19431 29647 26939 10880 18418 -11365 -1098 1096 31941 16757 -19713 17134 8508 -25262 14828 36753 -14060 10606 6915 37899 14437 31689 -13957 5690 -13715 -6803 17246 85 
-38847 1782 27328 25720 15229 -18497 -43581 6806 36516 2906 -1563 4153 -47598 -24178 -15274 -26994 33040 -11857 -33478 -49273 7866 -17681 16968 -3732 42405 -67515 7401 20443 -9096 -46316 21217 18524 1810 13723 44276 5101 679 -17695 -24873 10626 -18655 -29370 9217 -62097 13824 -901 -16673 -40194 -51324 -49301 
31458 -2658 -19562 4084 -4641 -15006 -12525 -20051 -6190 -45742 25381 1210 7157 -2568 23770 6513 -10438 -41891 -7380 36452 -10828 -4893 -26830 -37670 -14884 -31281 -799 -23516 -14037 -9576 -3807 -17212 -35290 -35475 16275 15714 -4750 40042 12815 28509 2104 17267 10196 -11376 8431 -6686 11317 26399 20358 -13755 
18526 -30828 19523 23413 1855 2368 -8728 4629 10243 15409 12316 -11722 -27731 22381 15681 -586 16337 -22043 -37056 -33138 15894 4266 10567 -34483 15143 39927 -20803 37471 -8205 -7363 -667 15300 35689 19254 26292 -5161 8197 -22652 -227 -9554 -33397 -14787 -7513 -38501 -20475 -17541 -6684 12978 -5811 3320 
-13252 -4423 6146 24912 -18146 15704 4952 -376 -42423 23967 -11208 -18557 -4367 10909 468 3719 -23394 -17555 -24213 -13694 -9522 12705 -31135 -36244 11461 41102 -29817 1975 30992 -247 -24902 -24708 44524 -2554 -12763 -3619 -18938 5625 -9467 -33369 -52220 9799 3634 -294 -32665 16837 28281 51745 33483 -10827 
5149 -23024 -24191 20257 6197 15140 1508 -18357 -18909 13505 29450 -17438 -16367 5473 13252 -15 -9330 9361 30828 35419 16616 33372 -10372 -21907 -16444 29778 -7149 -28347 -15972 10869 23017 -8447 -6160 -25498 -6699 24677 -2061 18267 -20130 -16617 420 12720 13811 25588 -12027 -805 22750 22633 26975 -15817 
3821 -22322 -60781 -23306 6858 18011 -38239 -4006 30778 2838 10433 10339 -24766 42263 23512 -18544 -6994 -16733 29588 13335 15179 12545 -31853 -9496 -46352 30486 -24603 -23394 -29856 3149 15559 -66271 -4181 1256 4794 -9927 12838 -3586 -37350 -7979 -53490 17828 -30948 -22816 -57774 -4412 -23314 -7864 47639 -19675 
1711 -25829 5737 22560 29921 6442 -9122 29521 20468 6907 23049 16948 -27406 -37775 -8986 30827 17928 -9762 -15789 -56079 -8739 19165 -8224 -6100 -21296 -22796 29470 43531 -18337 -1143 17809 18384 -16478 1317 30789 3097 12088 -13159 17767 5928 9765 -49507 44834 -8268 -3300 -28902 -38623 -37293 -50856 -7937 
-14915 -9103 -23064 -8945 -29960 -37812 17679 -29206 -12993 -1931 -31632 -2236 -21827 7088 15038 -22123 -3348 22079 -36088 23757 10842 -6431 15592 19553 36742 -3618 -2379 29445 23705 15925 -9443 -1907 6053 11162 382 -4269 -2097 10928 -685 19056 -19358 15296 2757 -26982 31949 -47370 -13262 38957 6638 -316 
-4778 7952 -6376 3958 -37519 2520 46130 -3493 -10027 -22233 -5621 -11509 1468 -15115 21711 3745 30222 -50234 -4279 -55341 3156 9443 -3713 -25123 5587 34075 -53606 18714 9193 -19858 -7767 -2177 -2661 -21637 3591 -1072 40949 -13657 12679 27307 36139 -13624 -20417 -12695 -31434 -6983 55228 -17335 -26729 23030 
-12107 -7202 -14679 -7109 -13403 7100 36740 -4168 -4807 11181 20177 17905 -4750 -42301 -946 34330 9097 -11089 15861 -31586 -5637 -7128 -12596 -29010 -19497 -13677 14826 -7633 -11614 1274 -44220 -23933 5271 14180 -16701 -28883 -10379 -14247 60129 -2557 25885 -10832 855 26350 -15629 -13031 28393 11646 -9731 26875 
-237 -9558 50090 25035 37217 8118 -13199 -10401 -29946 9209 19501 -80 -4539 -6544 -13961 -11606 9047 -34816 -30960 -7539 54738 -24326 3546 -21091 51460 -16837 765 2297 29803 -20557 14220 72435 33676 37180 22227 18786 10843 -12796 -22281 532 3968 10737 -7611 -39008 -9282 18022 25086 15338 -34895 -1427 
30626 -6669 -5256 13682 -2767 1745 -31134 26298 46908 -2324 19273 -17339 -17577 2369 -7148 -8826 -7727 -22962 10344 -20856 9306 19312 -38656 1342 4776 17324 31082 -34406 4827 10350 37998 -6960 -33667 -27634 22604 -13534 27443 14969 -2473 5703 -37943 12196 23393 -23469 -47014 14618 -7367 -37267 18462 -9964 
1277 8882 -68837 -26304 -25040 7082 -48453 -8624 25125 8996 -463 22892 -7227 29749 -1842 14521 -2314 -8976 48001 33591 38567 -18519 -3777 27499 -10784 -9470 -10724 -7203 -12264 -5947 8992 -36617 -1659 -7341 34948 -14676 14411 17852 -5817 -5507 -37108 19354 -20711 -4341 -25432 9937 10402 -7676 12234 22811 
1344 12445 -23248 -40418 34435 20136 18106 -21221 -16608 19456 13245 3427 -42848 -16773 -10486 -58966 -23655 471 -3891 -14599 -16105 -15214 1991 -13810 -22739 14568 -36113 -15024 -10648 45686 13401 -36081 22780 -19665 43726 -2957 -6908 5887 -19774 -54113 -11789 -36454 -21104 10748 1128 -24984 -17648 -10315 -20705 -49646 
23559 21703 18953 6053 1754 -19244 8151 -16767 37639 -17152 -4031 14952 -9543 18941 2057 -39092 -10491 -5498 6146 13864 48077 -7294 -9042 -554 -5549 -33849 22445 39330 6945 47131 9531 -646 16074 18031 -466 2116 18721 6582 -211 24767 9129 -26817 -7501 1901 926 -36783 -8074 -21579 -9080 1413 
-21927 14116 34779 -9086 -37019 -35765 -14238 -3223 20084 -26403 -7397 12097 -68244 -738 -32036 -190 -29930 32153 -52063 -10737 -32603 51579 -13871 33879 -2330 -33880 25775 36403 10072 1168 11385 -4993 -17956 -8122 -37655 -27668 -26600 -37150 6277 34244 5615 -24187 37531 22782 -5235 -38563 -35390 -48171 -35041 -21585 
9194 -9256 21159 -5970 37558 3348 -19564 -35865 -14418 -17997 1889 67690 51675 -5405 -4227 31782 -9687 2838 -29288 57427 -57468 -23387 -23778 -11460 -5398 -14067 31394 -31209 -20403 -2626 -6280 -18665 40180 -46617 -26793 5210 -3346 29706 -30914 25064 -2124 -44519 4395 -8696 -4610 930 27395 13484 -19837 8790 
50490 15674 -13070 -38479 -29338 41731 -31508 -20448 -17184 11436 1388 14772 45974 -20177 -2236 -9728 18694 -22822 26290 20402 2523 -18800 -28340 9131 -2543 -28264 -29144 -27000 -38018 -2143 -28371 -17388 -2800 -28863 2123 -1483 -25434 48400 -15063 -9979 21766 -2424 -28410 -489 16387 55023 4321 31189 36466 -6940 
20465 16948 1261 -27313 -27857 -7095 -1836 -1418 3973 46104 -17275 -14540 -43352 -25134 -34096 15963 28144 4243 -47007 -32063 -44406 3216 45902 -12428 -2452 22067 -24418 -12071 -884 -29140 -20550 -21133 24836 21568 -12749 -17153 -12974 -61900 -25303 -42785 -6518 -34049 -19277 -56156 29878 14202 28177 11173 22734 -39155 
