100
29 75 -38 23 -45 -15 -71 -54 -52 -16 -45 -62 34 -8 28 43 53 -88 50 28 -79 -99 46 -95 26 75 -85 -27 -77 -10 -93 66 4 97 26 80 58 -55 -96 68 86 -34 -30 -95 43 -11 96 8 31 14 -68 -9 83 3 23 -68 -10 -97 32 -74 -97 -39 -74 -48 -95 -19 -85 44 27 80 32 -59 -55 -39 48 55 49 92 83 19 -69 -88 83 -22 82 -44 -19 77 81 -98 50 -69 54 97 -58 -36 -67 26 -46 -96 
61 -41 -78 -91 48 -48 -63 51 30 -64 0 13 -93 -28 36 24 -28 -43 98 36 -17 54 -11 -35 12 -72 -62 -78 -67 -66 82 77 7 -61 -9 81 -95 -81 58 -15 10 8 67 88 94 -43 3 -4 -11 -4 35 -1 -43 5 79 -98 57 -26 -89 5 -72 -71 -15 13 -42 -90 71 -3 -2 39 53 -24 61 67 -12 -92 7 26 -60 -13 -50 -71 -70 -16 -87 63 -35 -88 -82 91 -1 -41 -78 -31 -42 51 51 90 75 88 
62 18 35 -90 31 63 75 96 4 1 84 -76 48 3 -68 40 4 63 35 -77 31 -72 -42 21 32 73 -89 98 5 28 -8 -46 6 90 2 31 -48 9 -77 -91 -43 -36 84 91 -9 -1 -62 -21 -35 -26 -41 -36 -49 60 86 -72 17 57 98 -44 -83 1 -43 17 -79 21 28 15 94 47 68 -41 -14 62 -64 -61 -69 25 56 40 41 -45 83 -41 6 -3 97 -24 21 -2 56 -79 -7 80 -15 -65 73 -99 66 -99 
48 50 65 -40 52 -28 -88 77 -67 -16 76 26 58 -35 -30 -7 41 -92 46 -42 28 35 -70 -14 90 3 -28 57 47 -47 19 85 46 -49 10 -13 -99 95 31 81 -24 43 -2 -96 -46 -43 -9 -88 79 -43 72 96 -60 -95 12 -94 43 32 -44 -37 69 63 -3 1 -33 80 -54 76 -14 -32 60 88 -50 -34 -99 -2 45 -54 -1 -4 -78 -93 -76 45 99 -62 8 -2 64 94 57 60 11 -89 -74 38 67 31 62 95 
75 -80 46 -71 -10 41 9 -65 93 78 -75 -50 83 -86 30 82 31 -70 37 78 -54 -19 74 -10 -73 -27 76 84 -79 -75 -39 71 50 -60 -25 -67 13 91 95 32 -25 30 -21 -25 56 64 -34 -79 -27 2 94 53 -8 74 18 84 -85 -12 -2 -11 -59 -55 -12 63 37 86 -13 57 46 -66 77 39 12 68 -82 -28 47 -91 50 30 71 -58 -77 64 -44 -41 45 40 -17 91 -80 -33 57 6 37 24 7 74 95 87 
30 -87 -49 1 -96 -6 42 65 41 55 -50 46 58 -3 77 -56 97 -57 58 -16 -75 -53 18 -75 -21 -50 -51 70 -22 -51 -3 40 17 -97 56 -77 -5 68 1 80 -63 46 76 -99 -27 -55 -73 -43 62 -68 -28 69 39 -54 -54 -66 -9 -51 39 81 15 21 -69 94 -93 -91 17 -91 -54 -51 55 -67 -57 -47 54 86 -98 26 -83 -5 -63 29 -86 -53 11 79 -30 93 29 -31 -93 -35 93 61 -49 55 -25 -3 -66 89 
-72 -43 -56 -92 -85 -95 55 59 43 75 -26 -86 55 -67 -42 95 -35 -68 36 -66 -62 42 -40 56 35 -96 -12 95 80 -37 -15 93 22 -60 19 -20 23 -37 59 -96 43 -9 -30 -2 -68 1 -77 93 -58 16 -31 14 7 60 -43 57 -91 -24 -12 12 -74 65 97 -23 27 -55 -88 -44 -52 -13 -68 68 -6 2 -11 29 -8 -8 41 -56 -39 -90 7 -79 -24 -23 -3 96 94 -28 41 -99 -74 24 74 93 -16 11 -2 -61 
81 28 77 29 -37 -3 -72 81 -27 56 89 80 -48 50 -67 70 92 -54 -71 -3 18 -88 52 -48 -57 -44 0 91 -20 -89 -63 -74 -3 -65 -15 91 1 -72 -37 -72 -73 -58 -9 -99 27 7 8 -89 -12 -22 -55 13 -47 13 -65 52 82 -93 37 48 82 8 -6 11 -19 -47 20 -75 2 77 -51 35 81 -7 16 -38 -56 11 43 -85 -65 17 -81 29 -51 89 83 -16 -36 -82 -37 71 71 64 -80 51 -37 -77 -38 92 
41 -10 88 -97 48 15 -86 -13 36 86 -10 53 -12 -65 66 -45 36 14 40 91 -79 92 -37 -38 -29 -93 6 64 54 13 66 -12 39 3 -7 54 81 11 -24 60 19 -76 17 -72 47 64 87 -66 -41 59 -43 -49 63 0 -28 19 52 -47 26 99 -57 -10 5 33 26 -77 -45 -87 15 -89 -23 93 53 -58 -31 34 -75 4 90 2 -27 93 -66 -38 15 -1 4 -94 -34 -47 32 -33 31 15 -6 14 82 11 15 -5 
-72 41 -95 29 12 85 37 30 76 -55 65 24 44 -89 81 94 -87 -17 17 -90 74 52 89 39 -34 44 62 78 -68 -3 88 50 -53 -7 21 40 15 -33 27 -63 -57 9 79 -35 -12 -95 -77 -59 71 40 48 84 -13 -9 -59 -82 -24 98 -82 2 -56 3 42 51 -89 -50 5 -75 92 -77 88 4 72 -84 -53 81 64 -6 63 -9 52 51 83 -87 91 -93 76 35 -1 58 80 -75 -66 83 15 -59 35 94 13 -18 
56 89 -18 -21 -72 -25 28 -7 -89 99 -16 -99 62 97 49 -29 20 65 -2 -81 86 4 81 13 -35 83 97 83 51 69 16 68 28 64 18 -31 15 -35 28 -49 78 -2 -88 -49 87 -80 -42 0 -80 -4 86 57 70 -59 68 0 -55 -18 -10 10 68 46 -73 74 -88 38 -17 -88 -44 58 -67 32 31 65 22 -14 93 53 95 36 48 87 -64 -30 -39 -60 64 45 -41 85 73 14 41 -70 -59 48 -13 -64 77 -26 
84 -47 5 12 -53 72 35 81 -42 34 95 -56 -88 -5 20 72 79 -69 -92 70 -60 97 73 -49 -30 16 64 -62 -83 74 45 84 -88 81 -11 29 -86 54 15 72 4 57 72 84 59 35 22 7 -4 44 -88 26 -1 -85 61 -94 -32 65 -16 53 5 -98 -18 2 -71 69 -94 47 64 39 -26 92 -65 -86 84 48 19 -82 -91 -86 -9 3 75 30 -37 -34 -11 -77 -5 -33 -3 -4 7 -7 54 49 -60 -63 -8 -71 
-18 -80 69 36 -99 -9 -65 -12 -97 19 -77 -38 -76 -8 70 89 -35 72 -47 80 -12 7 15 2 -15 -79 -18 -26 62 -31 -40 99 90 -83 4 -39 93 5 -90 -47 -71 -26 53 17 -98 -4 51 -89 -10 -77 -71 17 66 65 28 68 -82 -13 92 89 58 -20 -63 80 -4 -84 93 84 88 -64 37 19 31 83 37 -29 8 -75 -82 -38 -2 63 38 -65 -9 20 38 87 93 22 -6 -62 67 45 61 19 84 -74 -2 59 
-95 90 -40 27 -76 42 -46 -52 -25 85 -18 7 -2 -95 -50 -72 -27 -57 -5 -21 -17 -81 -26 90 11 35 86 95 -81 91 -72 -38 -60 -25 -2 -19 -37 -58 97 99 -21 -19 99 -91 44 -79 10 -75 -67 37 59 -39 33 -34 67 -54 -10 19 41 -17 -25 -48 34 33 -92 19 21 -88 89 67 -24 -58 43 -89 10 -48 -34 48 -22 13 -95 32 3 13 71 49 -15 -66 15 59 36 54 -92 -96 -51 76 -37 -12 40 -52 
17 -97 39 -49 -31 -98 -70 57 44 17 26 -22 -31 -11 79 79 39 -85 -15 48 11 82 -6 -92 86 12 -16 -76 -90 -93 16 -90 -22 59 -47 -34 71 -22 -49 39 2 22 71 98 51 31 20 -71 53 -27 6 -27 82 -56 -84 37 58 -63 63 -96 61 -73 51 54 -87 78 59 -11 41 94 -82 -58 10 -13 -23 84 -11 9 -96 96 79 -38 64 28 -86 92 82 -31 14 -69 56 -92 48 -66 -4 -5 75 96 -15 -80 
88 63 16 -99 -50 -36 86 -56 -65 39 86 -55 -4 17 -78 91 -36 43 53 -9 -5 43 -20 -79 75 71 -84 -25 -34 46 -40 -49 -5 31 -22 21 84 -65 88 -92 -50 30 -64 67 -9 69 86 71 10 -94 -64 17 18 -10 -6 26 64 82 18 -63 -68 56 -96 -94 -7 72 -50 32 -13 -58 -49 40 -56 87 -97 84 -33 43 81 39 -62 50 -88 -5 14 -55 6 2 45 38 -77 -19 -35 -15 7 36 26 -12 88 28 
-55 93 -14 -31 -60 -85 47 -19 73 -3 -29 -38 -52 -87 -19 97 25 78 -63 -77 96 -63 -67 -92 35 18 10 25 -50 -22 98 -3 23 -40 -80 -51 -63 9 42 36 -30 47 -99 34 19 -79 18 62 73 25 51 -43 75 42 92 -57 92 71 -1 -86 0 -29 -37 90 0 36 91 63 -85 64 -27 -41 -37 -25 97 82 42 36 48 -11 28 -52 93 -28 -48 76 -4 12 67 58 4 -90 55 88 -58 -42 -32 -47 -80 26 
-34 -31 7 86 -62 22 -3 -40 -45 -54 -29 -59 67 -62 22 -72 -60 30 -87 -66 68 18 -63 -85 46 52 -89 74 -71 -3 99 -18 -36 75 -80 -78 27 -38 -15 18 -59 67 -33 73 20 17 6 -50 -99 -47 -73 -44 -85 55 -14 -5 75 -22 -43 78 -68 -76 7 -33 90 -68 -97 -8 -59 -37 -79 -98 28 -52 96 41 23 69 27 -75 9 21 3 23 76 2 19 -24 30 -25 46 -93 73 79 -34 -15 44 15 -43 -8 
36 -78 14 -47 -42 -3 98 -4 62 -93 15 -33 -49 12 -19 -23 -3 86 -80 -84 -92 -48 -42 -11 -41 76 42 -3 -34 -69 32 -91 47 64 -47 -57 -15 19 -9 -87 34 -61 41 89 58 94 -16 18 36 1 -20 97 17 77 -52 -80 -23 -13 -17 -3 -88 80 87 91 23 79 37 -62 74 15 6 -63 -52 -96 61 -2 41 36 12 -20 64 31 -26 -29 -84 -82 -45 -80 -41 80 15 7 -19 -3 32 -78 59 -79 45 -32 
-27 48 -82 35 -73 -66 39 -36 58 -66 -56 -11 -67 -73 -47 12 -63 -99 -71 41 50 -45 -25 -55 54 5 50 -58 -41 65 -31 23 4 -88 50 9 4 92 -46 18 -88 -57 72 -63 -63 -34 -19 -71 -4 -83 28 99 42 71 50 90 -9 -37 7 -78 -90 -74 -54 -73 6 -6 71 -46 60 -28 -70 90 -84 -47 36 9 -48 23 3 56 -79 51 98 -62 -95 -47 -32 21 29 -13 -85 63 11 -94 59 -73 62 11 -72 -6 
23 27 -99 71 -33 -21 84 86 97 -31 -26 91 48 55 -75 -40 -14 -15 6 73 -14 60 -71 62 3 74 -61 37 -33 11 -85 16 -3 41 19 -53 5 -32 81 80 10 -65 -69 29 -35 4 -28 -64 15 -50 52 17 58 91 84 -21 79 29 25 -34 96 -30 2 -63 66 -7 -23 65 80 -72 -98 -68 -99 51 -80 91 -97 -27 -79 -70 32 -41 8 47 22 -12 -34 99 73 96 -27 -82 69 -8 -91 -32 95 -7 82 6 
-38 -6 -99 10 28 -92 -65 -68 -63 32 -6 -32 -8 -16 -81 -8 31 51 98 -57 68 -4 49 -9 -46 -21 99 84 -73 77 -77 43 58 -97 -89 -20 -37 -43 49 30 56 -87 -37 39 26 -6 45 -27 87 -21 89 -78 -10 -17 66 -83 59 92 -16 -43 -83 14 96 79 28 -19 -87 3 -77 -82 83 98 98 -58 -56 94 -21 23 -6 -60 -28 -2 92 11 -54 -31 -17 53 -52 -39 50 -49 64 32 14 -19 40 87 31 -64 
37 32 66 9 -58 45 -69 -16 76 -38 -20 7 -26 -69 4 16 -47 64 34 -12 20 4 -64 -71 -47 24 -32 -90 -90 -57 -60 62 13 10 41 -3 47 8 65 49 54 37 -33 -81 34 -4 4 37 12 -91 6 -63 -72 40 84 -18 73 -56 -74 -12 -36 -3 -14 35 7 -46 -67 -6 55 12 -98 62 -39 65 -67 -23 68 8 -53 5 99 -64 26 -52 31 -51 91 97 33 75 -62 36 -88 95 1 62 85 29 76 -39 
-83 -30 6 -41 26 -5 -69 -13 -92 -22 -30 -56 -28 42 -29 93 -59 -60 28 -42 80 32 -2 -94 37 -54 -39 52 26 -1 85 20 28 -79 89 -97 -10 -28 96 43 94 44 88 -90 97 -11 -73 78 -25 -48 -85 -57 -19 89 -86 71 7 -12 -80 -60 -10 -46 -13 -76 34 -98 -56 88 -28 -65 -90 71 -50 -57 -4 -15 57 64 -74 -95 -99 -15 -87 -74 12 -17 -93 -24 -67 -15 77 91 -21 46 88 54 -42 -55 -28 69 
5 19 63 94 -24 5 65 85 80 -46 17 0 -3 36 0 77 26 -17 72 -44 -97 -33 -86 33 -87 27 -93 87 0 78 -75 -34 35 24 -4 31 -17 89 -50 17 39 70 -11 23 55 -34 99 -2 -72 -50 58 44 -13 -39 -12 -10 18 -26 -25 -3 76 -75 -38 -8 52 10 24 93 32 -12 -85 86 -15 -42 -86 -71 46 93 -55 -18 -71 -56 -79 -99 -30 -16 -62 13 -95 94 -97 -80 -55 -29 60 -75 27 33 -53 -75 
-37 83 -29 -39 -49 -46 -59 34 -79 4 84 87 22 84 -70 16 76 -11 -52 53 -40 -74 -21 -49 79 33 6 34 -25 13 38 -3 -77 25 8 2 13 -71 -99 82 4 11 10 3 -20 24 -33 45 -85 -80 14 -46 84 0 -93 86 -67 -11 -69 91 90 -2 53 -55 -89 55 63 4 -39 11 33 -15 -59 -41 29 42 22 8 60 3 70 -14 10 -13 -42 46 67 15 -67 -88 -86 92 -52 32 93 98 -31 82 49 -79 
99 -6 -6 -55 18 16 58 20 9 10 51 67 43 -10 26 57 -95 -77 53 56 26 71 -86 -68 -32 22 -59 -49 -82 -60 95 69 -27 0 -18 -70 -33 -47 -37 -90 -14 -62 -7 -20 44 66 95 95 96 -52 71 24 68 66 33 -70 -51 -63 -15 24 -41 58 74 62 45 81 77 67 34 -2 84 -86 41 89 -49 -90 -70 9 -68 -3 17 -95 -59 96 92 -41 55 -27 3 8 33 2 -61 66 73 10 -45 18 -29 -16 
45 -24 -86 66 -90 28 69 -11 -64 -55 59 -49 -4 -93 -41 79 48 72 -25 -24 88 62 -31 -2 -49 52 -11 50 -79 -13 -34 -67 -64 -22 84 96 -95 -20 -28 -20 -55 -73 83 43 6 -7 -30 74 -71 58 67 81 74 58 -43 -43 -68 34 66 -50 8 -41 47 65 -44 87 -22 -38 52 -35 95 6 -48 71 86 57 5 68 -38 13 -28 -99 85 -72 -57 79 -28 -84 -1 94 -38 -94 -7 -29 -56 26 2 -83 54 -85 
90 2 23 88 -71 -42 33 3 57 -35 -60 -9 -69 -23 -70 51 57 9 -65 8 -84 -24 -54 75 99 51 63 -42 81 -59 52 41 6 -31 15 -58 97 95 -34 -80 -55 -88 -18 -72 69 61 44 15 -43 -76 -18 -67 92 18 -35 49 64 27 -39 98 -84 -99 -77 -83 28 74 12 44 54 -14 5 13 -43 -69 -83 -20 -35 -77 20 80 -38 -36 59 -52 -83 23 -84 -23 -66 -79 -65 47 -64 -3 97 84 33 57 35 36 
-87 -4 83 -89 32 -22 50 -8 -29 59 61 68 -28 -68 -73 -57 88 56 35 37 -64 -49 33 33 -45 91 85 48 10 51 -19 -11 -39 24 -50 -55 22 2 -98 41 93 -33 52 31 -68 24 -44 -97 89 42 -21 40 11 -3 45 49 32 -89 9 72 -73 -82 -37 -66 -64 91 94 2 86 81 67 -30 43 -64 84 -16 99 -95 -70 -27 -23 39 76 24 77 -63 -90 -84 70 42 -62 54 -4 -82 38 65 20 22 -43 3 
-29 90 -40 -88 -84 -80 3 -97 45 95 -20 -69 -11 -36 73 -78 99 -26 42 -51 86 71 16 -81 -54 -97 -58 9 -25 29 -14 30 -73 32 66 -35 -84 -68 -7 -9 50 48 49 -85 12 66 -8 97 -43 45 7 28 74 -21 74 84 80 -7 23 83 72 61 -22 -72 56 -26 24 -10 94 -15 -80 21 -89 11 92 25 -26 -12 -64 -57 36 80 -22 62 -55 5 82 68 84 -34 44 -95 -99 -9 77 -98 -96 -24 13 76 
-48 20 -4 -12 66 29 11 -73 50 36 86 13 -91 -61 9 -11 -83 -9 -41 -50 89 64 -86 -15 90 24 36 -78 -71 95 28 10 30 -28 47 52 5 -57 50 -22 -2 -87 -29 -41 55 -58 -99 -91 -11 34 -98 36 -63 -7 80 63 -80 93 89 -79 -97 55 74 -61 -16 41 42 3 58 52 5 -97 82 -85 -70 58 68 10 -1 -50 -57 35 -13 -69 49 -83 14 -21 45 60 84 -8 42 -98 -95 -93 -82 21 -35 58 
72 57 78 -17 17 69 49 23 -9 55 61 -62 -65 16 36 -66 94 68 -75 -5 -29 50 -55 59 75 81 17 -79 -23 -98 9 -66 4 53 -44 0 95 65 27 -10 -28 55 -8 -73 34 2 86 -25 54 -61 -31 73 -22 -16 75 75 46 36 -12 81 88 -62 -16 -30 56 -6 68 -36 55 -76 -92 59 78 -85 -25 67 -40 8 -83 76 20 81 50 73 -5 44 95 88 -91 1 74 -13 27 -90 -24 9 12 -99 56 46 
-53 -9 80 94 -46 69 72 -62 72 49 -13 27 -68 47 -49 80 61 11 98 -22 61 9 -57 -66 8 -70 84 51 -33 54 -23 -19 -65 9 -49 55 -46 14 26 14 -85 -66 -31 -90 39 49 66 -57 -3 -75 -71 -19 18 23 78 -92 98 38 -45 59 60 66 30 65 -40 52 -4 -72 -51 44 -10 1 72 -66 -50 -31 -25 29 70 -61 -67 89 -28 -97 71 -66 -29 64 -60 5 44 29 -53 -59 -36 -41 11 -78 47 -2 
-14 -19 63 -36 -87 49 91 13 -54 -7 -85 -22 -18 6 -35 -26 91 -39 -72 -83 23 -72 90 49 -75 -50 69 84 -12 -49 10 -22 93 -23 92 66 -20 -55 -94 -54 -57 5 32 -6 34 -31 51 -77 -72 53 -64 8 82 35 -23 37 7 -43 -14 -41 -27 -4 -64 10 -57 -22 70 99 67 79 -87 34 -67 64 2 88 90 3 59 39 78 90 -74 -87 -34 -48 63 -59 -83 -43 98 -4 -43 -17 25 -67 -79 -5 65 18 
11 40 -19 -94 -70 -40 80 54 69 -2 91 -89 17 -54 -27 99 98 29 -73 3 91 -61 2 39 44 30 87 -54 -7 31 29 71 94 13 59 18 60 82 5 -17 -4 33 -68 83 -67 90 -31 -1 -45 84 -47 30 79 22 41 -41 -79 -16 -53 14 -32 91 58 -60 -87 -22 40 -72 -38 80 -77 -6 78 -9 -90 68 -9 -77 81 4 54 -6 73 -75 -57 56 37 -9 -85 -45 -95 -71 -96 37 -75 -68 40 -24 96 80 
55 -65 -3 -95 36 11 -31 75 5 38 25 8 -42 -35 -32 -51 -12 16 -42 -68 68 -83 78 -89 -31 -4 18 -16 99 47 12 91 67 -46 0 -42 34 98 62 -62 -33 95 60 -7 -55 68 -5 63 -29 10 -18 -59 72 37 -7 -55 -21 88 72 -4 -46 90 -15 -67 -89 41 -14 95 -49 -82 -41 54 -19 -54 60 -26 5 36 -75 -8 -45 8 -30 -59 57 80 56 -89 -7 34 98 33 -82 5 -43 10 -61 31 86 86 
43 0 -30 54 -69 -93 -89 -4 37 -72 5 -49 -80 -27 -72 15 73 73 87 -83 52 80 -79 50 -51 15 -47 22 88 86 -86 -2 -54 69 22 60 -55 24 -25 64 -74 69 -34 -10 -44 0 -61 78 10 -93 52 -32 -92 -63 -87 -28 50 -58 72 97 4 -34 24 -9 10 -87 -15 91 -66 4 97 83 -72 45 -52 -83 0 -21 33 -60 7 -68 -71 99 -41 41 -11 11 72 4 -36 62 -86 24 -12 -78 94 -86 77 -4 
50 17 -66 -18 -48 38 38 39 34 62 -12 37 48 29 -29 -28 -84 -36 12 -49 -23 15 -47 -99 -45 -55 -12 -56 -25 51 -70 -14 94 96 21 -79 15 27 3 91 87 65 -76 -94 30 10 50 14 -64 65 -75 63 -27 -83 -20 32 -20 7 -48 -26 69 34 48 -32 -19 70 -94 91 48 -15 21 -30 -99 -3 -92 -24 28 12 -19 78 19 -25 -53 -13 -20 -85 61 32 -47 87 86 24 -90 99 89 10 66 28 -52 -89 
-37 -52 16 69 -73 0 22 39 97 -94 -9 -18 82 -20 44 56 31 -57 96 -88 15 -12 -55 0 75 -54 -12 13 22 -7 -78 94 45 -51 -8 79 -68 75 -42 -80 73 20 -79 -27 -48 -33 64 32 5 64 -73 -93 90 -88 -41 -94 55 69 20 36 98 46 78 -79 34 82 33 -83 -73 21 88 -65 -33 85 88 -73 -32 80 -2 -92 -39 72 -58 81 12 -79 -91 -93 -80 96 81 -96 -74 -1 15 -40 -25 37 31 -70 
-95 98 62 -37 38 -46 27 13 -17 -67 -17 37 68 -45 -56 1 -72 5 49 -2 -17 -87 8 -64 -22 -7 10 82 28 -98 31 28 -34 97 79 -84 -7 80 -53 34 -38 61 36 70 -55 30 12 55 -35 89 52 5 7 2 51 78 -89 31 -47 -79 -66 23 18 -48 -5 -63 13 -3 47 -23 -62 -47 -85 67 -13 19 -83 76 -25 -2 93 22 -69 -88 65 -89 -59 -22 89 -19 -55 65 75 -52 57 -65 -80 -2 85 -25 
-68 23 35 94 -36 16 8 -74 94 71 -63 -54 65 -85 49 69 78 44 18 -25 62 35 -98 10 85 -52 29 -25 -20 60 0 -85 22 56 23 13 81 -34 -44 -5 -35 53 16 43 79 12 46 -12 10 -56 -28 -95 -48 -14 16 -63 -26 27 24 32 -2 -39 2 -27 -60 46 92 27 12 -93 -37 -7 -73 54 -56 -67 -90 -49 -25 75 5 -60 -31 31 64 21 94 -3 62 50 -54 96 38 3 16 73 85 22 -80 17 
-48 88 -91 -84 26 -92 63 17 -21 -36 -32 -98 -78 95 55 51 -50 54 -45 -35 -12 80 43 -82 -55 86 -84 33 -28 13 -11 23 -60 93 -49 55 22 -96 -71 62 -45 15 -29 -67 61 69 -44 20 3 -66 30 47 29 40 45 12 11 36 -15 34 93 -92 -68 -15 -71 -36 -5 -1 49 -3 44 -67 19 -70 72 -70 39 -85 11 -42 68 30 29 14 47 -85 26 -79 38 12 -12 17 -14 -75 60 -64 -17 7 22 97 
93 -59 -78 -17 63 61 -88 17 -82 81 -31 46 97 -16 76 -69 81 21 -60 85 76 97 32 -44 35 11 -36 -61 -53 54 -37 -71 48 -53 -44 69 94 94 67 -52 3 82 60 29 -41 -42 38 88 84 -63 -47 -28 -46 -93 42 49 3 -21 45 -47 -91 5 -41 36 56 -42 83 -60 -38 43 4 -95 -85 25 -73 80 97 -83 64 79 53 36 -89 79 -55 -80 16 -70 99 32 -80 -33 73 84 30 -10 -29 -21 -8 41 
-36 -20 -71 32 -81 14 24 69 -59 16 48 -79 30 87 68 0 -98 8 36 -77 -87 40 -52 63 -46 -16 -55 -10 91 77 -89 -87 -24 -22 -74 37 -9 16 18 28 91 -56 -37 -72 39 57 -34 91 58 -92 -6 -83 76 1 -97 -43 44 -81 80 -67 97 50 83 -73 -12 -95 29 57 24 -73 55 17 -1 48 -7 -21 81 40 86 -63 -42 84 61 95 71 -24 -30 56 19 37 95 -58 -20 -43 98 16 -33 87 16 57 
21 -30 95 -6 28 9 69 -88 71 -74 55 18 61 64 90 73 23 18 -50 65 62 -50 -71 -26 -90 -80 24 75 -73 54 10 33 28 34 -91 10 52 99 5 -5 -30 -64 -83 44 68 38 -56 94 -98 49 51 52 -60 -5 -4 76 -30 -79 -58 28 -6 -10 16 -58 8 1 -53 16 -72 -76 86 -71 48 82 56 88 -3 58 -36 -38 -73 -85 -34 46 -5 -27 -8 64 21 -58 -56 97 74 81 -84 -97 -31 18 -61 55 
-48 -53 17 -27 -40 -87 6 -14 41 -27 -93 -88 -40 -7 -4 -93 18 82 -39 -22 40 25 -62 -3 51 -93 2 -69 27 -40 92 67 -60 -35 43 16 0 -99 -87 -66 42 27 -60 73 -89 -10 -78 -79 44 -17 87 88 -85 -58 -94 74 -11 -92 -82 6 -49 28 96 22 -49 36 95 -22 -19 -20 67 -42 -46 59 42 -60 -65 7 5 73 -44 -4 -93 30 -25 -6 47 -31 -68 54 -19 2 -50 25 -14 -82 19 12 43 73 
25 -47 -27 -83 41 -28 75 -34 98 74 -14 -88 78 -94 -36 -2 68 -57 -30 19 34 -84 59 22 81 -53 72 -83 31 11 41 -54 33 78 12 91 82 -2 -24 -30 49 87 84 76 -78 94 83 18 19 17 -34 -76 30 -12 94 64 -84 -17 82 73 50 9 -15 1 20 80 -20 -67 -30 -36 95 0 -55 68 -1 -93 -99 71 -95 76 -34 -96 67 11 34 28 46 -41 -66 -12 86 9 -18 -83 -81 8 45 13 -48 -18 
-94 93 63 63 58 -97 38 -98 16 -57 -58 -75 -44 18 -77 -25 71 -73 84 27 -70 -54 -98 39 49 -33 33 33 -50 57 -52 13 71 -62 -9 67 -93 70 -72 -7 -22 8 -8 8 86 44 -8 -68 -51 -35 57 90 -54 -32 -42 -93 -13 -70 -70 -98 83 -8 -66 27 98 47 -2 -55 53 -18 -64 -61 75 98 63 -65 -35 -77 14 -99 -16 -44 -42 -1 -67 -37 30 -15 -95 31 23 71 -88 -9 88 -79 58 98 87 -6 
40 -87 78 -73 45 -92 42 75 -87 -8 7 -73 73 42 -70 -38 25 -97 41 -54 96 29 73 26 10 -44 -64 88 71 97 5 7 55 60 -17 -24 68 -74 -35 31 -39 -14 68 18 94 96 57 -45 64 -49 56 18 -34 -56 53 15 70 -80 79 -47 38 -86 -24 6 66 25 21 63 39 34 -59 98 -77 35 41 10 -99 49 41 -19 76 -61 -43 -67 -36 -8 15 -84 25 -89 4 97 -31 12 -26 41 87 67 48 66 
-37 -84 96 0 57 65 48 36 -5 32 57 72 -71 -42 -99 43 -14 -81 24 -99 -76 19 68 71 -12 -13 -18 -72 43 -91 -6 89 -40 -86 -97 26 67 -67 -43 -73 -9 -29 31 -43 -61 93 59 70 -92 -69 -44 -96 58 -69 -17 -16 -1 -39 -3 -91 -28 69 69 -66 -5 33 -91 -42 36 85 -19 71 80 -80 31 -8 0 -35 -50 -36 -84 99 -32 25 35 -4 0 -92 85 -13 95 -79 25 61 98 94 10 8 -57 9 
26 -28 -51 24 36 -73 75 31 52 -85 -32 33 -88 89 94 -8 -27 90 52 11 -25 -20 99 66 -67 64 -82 32 64 -96 -17 22 12 -97 97 -31 -56 41 -77 -42 82 -46 58 19 41 96 -81 93 -96 89 85 -42 -92 50 42 76 -64 -17 -26 34 58 45 80 0 14 -20 13 -17 -67 -29 81 81 -11 85 -94 -43 96 44 -35 48 35 -4 -75 -92 -29 -27 -28 -25 -9 51 -4 84 75 -44 36 -24 31 -27 26 -91 
-21 -47 71 -55 51 -24 12 -86 -20 55 -25 -62 91 75 -61 52 -36 -19 -53 85 30 36 -10 61 -26 86 -3 81 44 -22 13 -51 38 -45 91 -84 -10 -47 90 -85 -88 -24 33 5 -25 -79 -21 72 -1 42 -27 92 -30 -36 -90 76 61 83 -81 5 9 21 -5 4 -21 -61 19 -5 -23 76 -66 19 19 -13 -95 58 -34 -8 -95 19 -35 -85 67 -24 -34 -11 52 66 -43 -74 -91 -62 65 -75 76 69 -20 64 -53 76 
26 -66 77 -88 -56 -73 32 -68 -76 -60 -8 33 67 23 -6 78 -41 -2 -5 -68 -8 -83 80 26 -6 -28 34 -31 4 85 -25 -48 66 40 75 -26 -92 35 72 -43 -45 13 -5 -43 -46 -80 -4 -93 64 72 -4 -64 10 -42 -35 -80 91 -25 -2 -43 -80 86 21 -26 3 -23 21 84 -88 75 -38 94 -55 -8 -54 55 54 86 -7 59 -85 21 -10 -95 35 80 -96 24 -34 -54 -95 -84 -19 13 79 -9 59 -18 91 83 
66 -55 -20 67 24 -19 89 -39 -91 1 -12 -98 -18 -81 -75 92 -65 -23 49 44 70 21 41 25 16 8 89 82 95 95 8 -27 65 -66 21 27 -29 -48 83 0 36 -64 -72 93 57 98 -37 50 -40 71 -95 -84 -28 3 -30 91 -97 74 73 87 93 82 -30 52 -87 -5 -74 -43 6 -65 65 -4 4 25 38 -11 -25 25 -55 -42 67 -21 -87 -69 15 86 2 20 -37 -53 61 11 8 40 -9 -85 -74 12 78 64 
-68 -40 -14 -1 90 70 90 39 80 94 54 89 0 48 66 83 60 66 58 -56 31 88 -34 -49 -90 58 -36 -82 66 62 -57 -74 62 -18 70 24 -48 -2 -64 -73 -34 92 90 86 9 -43 37 -72 9 -5 7 -43 -13 90 -89 -30 -20 92 -7 48 9 21 63 8 -41 88 30 47 25 -2 -95 -42 -64 8 -1 78 -74 -24 -26 48 78 -8 64 50 91 -58 97 -42 -86 91 -72 -79 76 25 -68 76 92 28 -83 9 
-72 55 6 7 -58 -48 2 -34 -40 -27 38 -78 64 -31 -12 -21 -84 26 11 34 -16 1 -35 -22 -98 -60 -86 57 -84 80 -4 10 53 84 -4 -93 -85 37 68 72 -96 79 74 -9 8 -95 85 59 77 -13 -56 81 -22 29 48 29 -36 94 -9 41 -73 49 -52 -85 -23 64 -25 -11 96 -97 -19 19 -75 -45 -65 60 -70 -99 73 -96 -25 70 -62 80 60 48 -69 43 55 79 25 80 -65 7 -4 81 -83 -99 -10 -54 
40 48 66 -9 37 -79 19 31 30 -73 -50 17 49 -88 -21 34 -25 -77 46 -49 13 14 -45 -11 62 17 -22 36 73 30 99 32 15 -25 65 66 36 96 -60 -36 86 79 -76 -59 -74 -55 0 -17 -87 49 -91 -85 -12 83 -1 77 -54 76 76 60 -40 83 -24 66 67 -92 -70 24 94 61 -76 -48 -9 50 85 -29 -65 0 -55 -76 -89 85 -90 57 -24 63 55 86 -68 -26 -48 71 63 88 37 29 23 69 92 -68 
98 59 6 48 15 -71 2 -29 60 -98 -28 -48 -83 -47 -14 -2 -47 -3 35 50 80 28 -53 9 -9 67 46 62 86 -54 64 91 -88 -71 -94 -62 -59 -2 -11 -33 -7 -61 -17 58 58 33 89 -15 71 52 -72 -98 31 90 14 49 -10 -25 46 -61 -25 17 -33 34 44 -29 -51 64 -4 72 -95 75 73 -72 94 -70 43 40 -15 30 66 64 0 -67 3 4 -78 58 88 24 26 -74 -81 28 71 51 -79 83 -54 38 
-75 -40 89 -17 -49 -52 34 -52 90 -52 -22 -92 50 -73 68 67 59 -57 46 0 95 -40 -80 -13 -6 -15 -8 -69 10 92 -16 97 -22 -66 92 67 57 75 75 -75 -68 -6 -76 18 -18 64 92 -9 43 10 -21 69 -4 54 73 -18 -12 87 22 22 93 88 -36 -26 -75 -6 15 69 69 -20 -93 -98 12 -54 -42 -5 65 -37 46 85 -21 -95 -9 21 90 44 47 -67 69 -64 4 -26 -3 20 -71 30 -25 5 96 26 
-92 -69 91 80 22 -36 25 -35 84 -93 -86 -40 -66 -13 32 -26 -76 -71 12 89 -83 -77 -11 -6 63 -96 -60 -74 54 90 61 -63 -59 -78 -58 -38 96 8 84 19 -66 -27 27 -11 -43 15 -71 9 85 -33 -46 68 -77 -30 -25 -13 75 -53 -67 14 67 -26 -23 -36 -83 -53 -18 72 -47 -36 41 10 91 36 -4 -91 5 75 58 -98 79 83 1 42 -72 -69 -26 -45 65 90 -8 -54 95 -94 57 99 92 -8 80 37 
17 -17 79 85 9 35 -89 -52 -45 -84 6 -74 -76 62 97 86 78 -81 -58 58 45 67 78 0 3 66 63 -37 43 43 55 42 -36 -57 -71 91 -11 99 72 -31 -78 14 -95 -17 -56 21 65 33 -25 -88 -19 25 69 -57 -98 -49 -37 -36 99 70 -14 -55 65 -29 46 -80 -4 99 42 92 -70 -73 -61 46 99 -63 -84 68 71 -54 -75 -52 8 9 -91 -23 -17 -62 63 -28 84 34 49 -61 86 67 28 -16 -28 80 
-38 5 -58 -58 14 12 -51 79 -76 44 95 52 84 -3 -51 -6 -23 90 -12 -73 37 55 16 96 -55 64 -29 72 -78 -66 88 98 -81 -42 50 94 -61 -20 -44 3 -30 -80 -2 6 52 23 77 -72 -66 2 61 46 -70 -20 -96 -7 27 21 -82 88 -15 -33 59 -84 62 -1 72 29 80 10 -95 -77 98 -76 -83 27 76 53 13 -82 -45 26 31 -11 -35 -30 35 -43 32 38 5 49 51 -59 -58 54 -77 -25 -27 85 
-81 -42 54 22 65 -47 -63 92 49 -90 -13 35 -76 -61 -1 -58 15 48 48 -15 72 75 -10 49 6 -24 -56 -65 -58 58 -70 98 50 -54 81 -25 9 -39 86 15 -92 11 -88 49 -27 -88 -51 -77 -71 32 54 -33 40 19 -91 -54 -26 -77 13 6 -59 -45 -3 -1 -88 21 -60 90 -87 36 11 98 -29 39 -24 -45 -54 -20 11 43 -65 2 -19 -43 9 22 10 24 -3 -41 -86 77 -81 95 46 16 56 -38 61 -98 
1 60 -36 -55 67 3 48 44 -67 -92 -75 45 -24 -34 99 37 -37 -39 23 2 -38 -5 21 57 -76 -25 89 70 80 75 -41 38 -48 41 14 48 8 43 -54 39 69 54 46 -34 -97 -4 97 -12 -1 45 87 90 -1 -1 -10 -52 -21 86 88 50 29 64 22 -38 -49 55 -93 72 -21 -38 94 -43 3 -23 74 -60 19 27 69 82 -7 13 90 -4 87 -61 87 -20 89 -85 16 68 -76 -39 -78 95 30 37 -65 -30 
81 22 -65 -88 29 -42 56 -70 67 -78 -6 -41 -65 -66 -70 56 -16 -24 -74 -50 39 10 -76 1 33 -73 -57 89 68 51 -61 -7 -69 18 52 -22 19 79 -18 -8 41 6 -8 17 58 -67 -15 36 -42 3 64 -53 -75 -82 10 -43 70 -81 43 26 -11 92 34 -46 -17 73 -87 -73 -40 16 56 16 42 2 64 17 -89 5 -87 64 57 -93 -59 23 -46 -22 84 -62 -2 23 67 -53 29 17 -47 29 -55 38 -6 26 
82 42 -38 51 -45 93 94 84 85 4 -84 32 -89 37 7 -72 -19 -5 -29 -93 87 -77 1 -75 -61 77 -31 -40 34 -38 -81 -94 -3 24 -4 -22 -25 62 -27 -93 -46 46 75 -75 -8 7 -75 -94 -93 34 37 -8 56 -39 43 -70 -21 -11 39 44 -87 87 -76 91 94 28 -68 37 76 -52 74 67 -66 -87 -45 25 -46 23 -31 29 76 25 -67 -50 70 12 73 24 57 62 63 79 -43 -79 -78 -63 76 -88 91 98 
-53 -75 48 -89 23 44 -72 -88 28 90 95 -64 15 90 49 99 -61 80 -84 34 59 3 23 27 55 97 -90 -39 -42 -2 -58 63 -80 24 -40 -55 64 12 -20 58 -41 -57 -62 -44 29 84 -6 -12 51 30 7 84 -14 -19 -24 -59 -58 48 92 43 -67 -62 28 62 39 13 -49 -92 79 50 44 34 70 -92 -58 -82 0 57 -81 -7 -90 -12 63 -8 82 29 -71 38 -4 -66 -42 -42 40 -21 -91 -82 -69 48 -21 -36 
-63 -11 65 -93 65 44 -33 -55 -9 52 -12 55 -72 80 -53 -62 -29 39 -35 33 43 -90 69 -22 33 31 86 86 65 18 11 -90 -50 52 66 -97 92 -60 18 -76 -22 -87 46 9 -34 91 -2 65 56 -97 -18 70 89 -71 5 -64 44 -67 79 50 92 74 95 -30 11 -5 84 13 78 43 -22 -97 48 6 82 51 -69 4 -95 -52 -12 38 22 -81 -81 4 21 -37 48 52 83 -78 40 97 -42 -68 -6 -32 -32 59 
-67 68 76 -41 -65 -32 98 79 -93 -3 99 -15 -8 -73 73 -18 27 13 -12 17 -62 20 -93 43 -15 -38 71 -56 -52 50 46 88 6 -11 23 66 -48 91 -91 -54 24 43 94 75 12 47 -62 88 23 -37 -80 -46 -21 62 -96 -15 -22 73 53 -80 -28 -82 -8 46 98 -91 6 -39 55 -65 7 72 -73 -21 -54 12 -99 5 -39 -35 97 54 -22 -10 -43 -63 -94 -51 -78 33 -65 0 8 -25 25 -27 52 -4 90 74 
-80 51 -99 38 -94 -30 59 19 23 -63 37 -99 80 -48 2 -28 94 -75 28 28 27 -95 25 87 45 -45 -22 72 93 -55 92 69 -8 -77 -92 -12 93 45 -82 13 -75 -27 4 80 -78 -84 -87 -25 68 42 60 84 19 -54 48 -84 50 55 95 -24 91 46 -32 99 -29 29 -42 29 7 26 -53 75 62 -25 -88 -17 -54 3 39 -29 -4 -35 -59 -65 1 79 4 47 38 -1 35 13 26 56 90 -46 63 45 -69 -37 
3 -66 57 48 7 0 91 52 -9 -69 60 28 42 -34 85 33 56 24 -25 -60 2 -24 66 74 -6 -77 42 46 -75 -93 -19 -47 24 -17 -31 6 -92 99 19 -40 -58 81 -67 -25 83 -22 58 -76 47 90 51 -53 -87 35 71 -54 2 -73 86 86 -79 78 11 60 54 -80 -53 50 -41 55 -16 -59 -72 -35 27 4 45 1 98 -86 -51 56 8 -15 -10 24 -54 -24 -32 74 33 85 -2 90 1 -89 -10 16 -63 -23 
69 -87 -47 57 57 -47 56 -62 29 26 62 75 47 27 -37 -68 29 -82 62 -56 -74 -96 36 -59 -50 -66 13 19 -90 -56 96 13 56 -23 -29 70 86 82 -51 92 -84 43 -50 -23 10 -32 -21 96 74 20 74 -9 -48 15 -71 55 -55 -4 -80 2 69 99 -3 15 -11 -49 -32 -98 82 -17 45 -53 98 36 -94 -55 82 -21 67 82 13 -35 -20 86 -95 -63 25 -80 68 -76 -60 36 -98 12 87 68 -88 -67 79 35 
25 16 -35 -55 19 -80 88 6 21 83 -18 -77 -84 -84 -73 -39 85 61 -16 -72 48 -35 -31 -5 -43 6 94 -47 -87 -50 -9 -16 7 -63 5 25 95 69 68 13 -34 -96 27 79 27 30 -64 46 -23 -25 8 96 61 25 -79 -19 -38 -1 -38 -54 -2 92 -1 93 -34 -36 10 86 -9 -8 29 -81 -35 -75 47 -23 40 -3 -89 -3 -93 -72 -16 8 61 -57 49 -8 86 -91 -91 86 83 -87 -54 -1 85 -21 38 -73 
20 -79 -32 -34 -87 -41 37 2 -39 33 35 -34 -17 32 72 -59 -85 83 90 -13 -48 -88 -98 -24 61 92 21 -29 -70 58 -43 -30 -64 -46 91 98 85 16 68 -95 -25 17 36 -61 23 -4 -17 -65 1 7 60 25 21 -84 -81 44 9 -90 25 -29 -91 8 -19 -60 -58 -16 21 21 -63 34 -39 -3 -22 93 -78 -76 28 -8 -95 -8 13 7 50 -11 5 23 84 20 45 36 -29 59 75 32 -59 52 85 -32 56 -68 
-33 -52 9 -47 -20 63 43 -37 -26 50 36 12 87 -30 -98 -71 -8 -66 3 -75 69 -57 19 -8 65 -75 74 20 61 -12 44 61 -13 86 -73 10 -96 -4 -98 -7 19 68 -74 55 9 44 -69 -12 51 74 89 -57 92 26 -60 20 23 -51 33 52 76 -6 -25 -66 -77 -23 32 -32 -84 87 73 -20 31 4 -3 12 72 -25 -61 71 -37 69 40 -43 -27 14 -80 -44 10 26 18 55 49 60 52 -29 76 73 -71 56 
97 -71 17 -15 -72 11 -44 2 -46 37 0 -84 22 6 28 -59 -54 97 19 -23 -69 -58 -94 93 -56 -6 -38 22 -67 -39 97 -69 -24 -91 68 97 1 -27 52 -93 -93 -99 -61 86 33 -36 -90 -30 -37 61 50 -46 67 -55 52 0 -27 61 -2 -32 20 18 31 -53 -78 11 -24 39 -73 -32 -51 36 -34 97 -10 -91 -19 89 -52 -55 -49 -46 34 55 19 11 -40 97 57 -71 -65 48 -87 23 -30 -46 -47 -52 36 92 
88 6 -11 -67 9 -42 -64 -58 98 57 22 62 84 86 71 -55 -40 -88 -54 10 99 -79 94 70 97 12 -37 30 -65 27 21 -99 -12 89 -7 -35 -36 4 34 -33 -72 68 -41 16 -17 -34 75 49 45 -48 2 -80 -84 93 76 -69 -24 87 -57 84 42 22 -15 72 -31 85 -5 63 -1 23 -39 -63 -76 -77 -7 -71 -20 93 39 -43 76 94 69 -94 99 -35 93 -40 -8 77 51 -80 97 -34 -75 -23 20 -11 -91 -9 
-1 0 66 -41 57 -51 -25 19 -81 -32 35 -49 -34 -34 -32 -54 -42 48 -29 -82 -29 76 46 35 -98 -46 -78 14 45 58 58 70 94 43 -18 -93 8 1 32 -66 -41 -49 -53 13 -60 56 -72 -89 41 -12 -55 -10 -83 -27 27 -40 -97 -55 63 78 -73 15 48 -80 -9 -69 19 16 -31 -64 40 83 -97 -2 -63 85 68 -16 -5 -33 16 22 65 -71 78 48 42 -14 -74 93 -78 93 59 43 30 -10 -21 95 98 19 
-19 66 -48 41 -68 61 -83 73 5 96 25 -88 -8 52 63 -88 -48 53 84 33 -88 -49 -55 80 -52 52 34 90 58 -27 -42 75 -7 -28 -65 7 9 -43 73 -88 44 71 87 -29 -74 -91 12 14 12 -6 -40 50 -24 -70 -72 86 81 19 -32 -4 73 -9 10 41 6 91 -34 79 -57 95 -58 -36 -4 -86 -69 -3 21 84 -66 72 46 -56 20 -49 83 -29 77 -75 56 -20 19 -25 51 -27 16 69 -5 -4 -96 51 
-14 15 2 -44 -85 -40 48 77 57 3 -73 89 -46 36 -38 -57 43 79 79 35 -14 35 56 -74 -5 7 -50 7 -84 -16 85 79 -31 54 -53 -23 -32 8 82 -10 -69 -52 -29 -40 14 -65 94 60 -88 -76 -99 -45 -41 81 24 -90 -44 41 62 66 37 16 -7 80 39 -57 -52 -55 -97 -17 17 -56 44 0 -75 8 84 32 9 40 56 97 -81 -85 44 -58 16 -49 96 88 83 18 -58 50 -11 70 -14 9 -77 72 
-89 -57 -82 43 -79 -32 -74 -77 -64 50 -94 -90 90 -5 58 -88 92 -94 4 34 -42 88 26 65 -14 39 -20 24 48 -24 2 69 30 71 -71 90 -11 -73 -9 86 -16 39 -68 59 74 2 -78 -31 64 53 36 42 61 -21 45 -93 45 -1 -44 -51 -28 30 61 74 13 84 -59 46 -71 74 82 -21 26 -87 -20 -24 -20 -95 -76 -60 32 66 -89 -46 41 26 -90 3 38 72 46 13 87 84 56 -77 -78 90 54 38 
-6 -56 40 -90 35 -86 90 -22 91 81 94 -94 -83 85 35 40 -24 90 67 42 -73 67 64 13 -30 -82 20 76 -68 -3 -12 20 21 -72 -79 -53 32 -53 -19 8 72 -93 -60 -86 16 -86 33 72 58 -34 46 -55 -76 -11 35 -24 37 -31 1 96 65 -27 -67 43 93 81 56 -74 17 46 49 -24 33 85 -87 -32 75 19 69 -85 -8 35 50 -8 -49 -99 -5 -42 89 9 57 -28 -77 -84 30 -79 69 -11 -73 43 
-97 -91 -28 84 -4 -81 79 -25 -50 -70 -75 -4 61 17 -33 93 -25 62 60 -23 -29 -65 -5 -15 17 -82 32 94 -11 -35 22 -12 45 94 -30 -33 -38 -31 50 65 -55 -29 56 -95 62 -43 -40 -78 79 67 25 80 -92 -25 98 51 40 -64 37 -98 71 52 -84 18 -82 -43 13 -47 -22 61 -16 1 74 -4 5 -72 -31 27 -60 -86 -77 -99 -34 -54 -99 83 -3 -21 -1 -11 -42 45 -84 90 -12 14 -32 48 -52 -1 
-63 85 -16 39 0 55 -81 -85 3 -1 96 67 -55 -56 -98 -55 67 16 0 74 9 24 -84 52 -35 -20 -30 89 -42 -86 34 -40 -90 -11 97 67 28 -6 95 -58 -35 -27 31 9 31 -90 -68 -54 35 -80 97 71 -97 52 46 -49 43 84 3 -14 96 30 11 50 -50 -81 -14 66 -21 54 -90 49 -32 -26 91 -71 -88 37 -31 46 13 -63 22 67 85 79 -33 61 18 32 -26 75 -28 -63 31 -82 20 -49 -75 -85 
-17 73 17 -25 -97 30 -27 45 31 -36 70 -27 -79 76 -78 54 81 -93 36 0 72 -23 -83 23 82 -34 56 -32 64 -43 -1 -78 86 -48 -49 81 41 93 -86 -60 77 -13 40 -51 -78 73 -45 55 -10 67 -38 81 33 -63 -57 -8 41 49 -67 -93 -65 3 43 22 46 -83 -10 98 -33 -20 -34 90 -79 3 93 91 30 59 94 -78 -41 18 62 -85 -27 60 -88 -91 -28 -87 46 65 3 19 32 -85 -69 61 94 -84 
-92 34 -72 69 -60 35 -73 16 36 -38 -10 65 -86 85 -61 3 -57 89 27 -9 -88 -57 -67 74 -51 63 91 62 56 -62 -98 -82 75 64 10 11 96 35 -20 31 -89 37 39 64 91 -15 64 82 -88 -36 -27 -40 77 -75 8 56 -37 -75 91 21 50 31 -71 55 -12 7 34 82 -70 -47 -92 77 0 -62 51 -11 -22 33 66 47 -48 -49 43 -42 65 39 -37 99 86 51 -19 45 -14 -47 39 -28 -53 62 -96 76 
-43 0 42 55 -30 -87 -18 8 -31 72 -21 91 -76 -19 82 -39 49 -71 39 53 69 -41 53 17 50 -22 -26 7 98 25 -67 81 -56 -84 -71 96 58 71 -1 -15 39 9 -16 -97 -5 -85 8 40 49 -36 -48 -4 -90 21 83 -85 8 -89 88 -3 33 85 -85 -48 -33 -95 -74 -40 -47 -12 14 79 78 -54 -58 -69 -87 7 89 30 -66 -20 33 36 -83 76 -75 12 -62 -50 -48 75 -75 97 -78 34 14 30 3 35 
-81 32 -44 14 20 46 -6 -10 -61 43 -62 58 79 -59 92 44 -22 91 42 78 29 92 72 2 54 44 42 -93 56 22 76 -58 1 -33 -39 -62 -21 4 -41 -78 -21 -63 -23 -49 -88 3 87 -80 30 29 -20 -86 -16 62 -20 32 18 36 37 -25 -94 4 8 -74 92 22 -86 -33 -22 42 2 -68 -13 -3 -19 28 -31 -9 50 56 -81 48 31 13 21 -19 11 -13 -73 -83 18 -59 89 27 -61 -2 -72 85 -21 -91 
24 -21 99 52 25 -70 -70 -92 98 -12 29 14 -62 -96 -37 -34 64 97 -84 -19 65 -13 -24 -63 -86 75 23 64 -44 -88 -69 3 -33 -38 -90 15 7 -96 87 -99 -2 -59 -48 -20 91 78 91 -74 89 58 -76 27 36 -53 44 55 64 -73 -40 -8 -59 -20 26 -17 -96 68 -32 -22 86 -51 62 -50 73 57 89 -97 -34 -15 78 76 -18 38 77 29 84 92 -27 20 -60 20 -5 12 -47 -97 -67 81 43 -29 -44 -4 
1 92 8 93 48 78 -6 28 57 34 -2 28 -59 73 -35 58 -98 -86 -13 -83 46 -73 -82 52 50 86 -4 -45 -92 -61 35 85 64 -45 -41 -69 -47 -63 29 96 -25 28 -63 88 11 -2 -14 -53 26 31 -73 -73 -56 -55 67 -65 -72 66 -23 95 -2 -97 -22 -38 -30 22 -41 91 68 -36 -95 -53 -25 -32 60 61 81 41 22 -46 -26 -72 -23 59 32 35 -74 -89 0 -92 -88 -49 -74 -11 -95 -34 -7 42 -65 33 
-82 83 76 -89 25 -82 79 45 23 93 -36 38 42 81 -62 89 92 -44 -79 -6 56 71 -79 69 -49 -79 12 2 51 23 -43 44 71 84 -53 83 -61 67 -15 -32 84 -24 -84 -14 -27 -33 -50 -47 19 60 93 -38 68 13 -2 94 46 17 46 5 42 -94 -25 40 13 -48 -71 -76 43 -60 -87 -78 -41 39 -4 77 86 -13 38 78 17 94 32 -46 49 -14 22 97 93 -74 29 70 -22 23 17 -97 5 66 -18 -82 
-24 -15 13 -42 -79 29 66 -43 -50 8 37 -71 6 -61 -64 -61 63 -28 80 46 25 -44 -68 58 47 -94 -73 71 22 68 -53 49 -44 47 -87 -39 90 84 -63 -99 42 92 62 58 -52 1 82 45 -50 82 73 71 82 -52 -66 -76 19 14 -43 84 -49 -68 73 -4 -20 -28 -80 -27 -35 13 28 -59 89 -35 -27 55 -12 81 30 -99 -70 22 49 -1 19 70 -35 -84 -91 -62 41 42 58 88 -40 67 -44 -5 -46 -63 
23 78 -26 -55 62 10 -24 -2 -17 48 -50 95 -65 27 66 16 -29 -46 96 -85 43 60 59 73 -10 37 -50 -68 -90 -50 14 -45 -11 78 21 -59 -89 12 23 -67 32 93 90 -19 -56 64 63 76 50 24 -52 -37 62 29 -98 71 -30 69 64 -43 38 0 -89 93 31 69 95 52 -36 -49 12 -68 -48 10 46 -63 -19 -41 -8 92 17 40 -47 -1 53 87 -59 21 3 -59 6 72 59 -96 3 -86 -35 -93 -67 97 
-68 -3 -79 30 -65 -17 26 -92 49 -64 81 -60 9 85 20 -76 78 74 -42 75 4 -64 88 33 -70 16 -8 -60 -82 -94 -46 -9 -99 -9 70 -40 21 -72 -16 65 -68 80 -25 -75 10 42 75 -67 49 90 83 -54 -62 0 -28 -37 56 20 -5 -8 65 -21 -15 -54 4 -36 65 -53 -38 22 19 78 56 72 -73 -86 49 52 -14 -15 -11 34 -8 -93 -57 76 60 -58 22 -3 -61 -81 25 -31 3 2 23 -56 -15 -84 
-46 -26 -90 -23 97 -8 72 -61 71 -77 99 2 -99 -1 -96 62 -59 37 41 17 -74 19 97 -68 -69 45 -70 27 -19 88 -76 -49 41 85 -20 -45 -25 -22 91 58 62 -78 46 69 31 71 -79 13 32 -50 -56 62 44 -40 -41 -62 -42 -24 -36 -12 -50 85 54 -99 47 56 34 -97 54 -34 77 28 -76 48 -68 97 75 4 86 56 95 -56 12 -84 30 86 20 -58 -1 -79 -12 -55 -21 17 29 42 -27 -86 -45 3 
81 87 1 -35 3 -39 74 30 -27 -54 -6 -84 -79 78 34 -91 -79 -73 -73 -26 -10 -93 91 55 32 28 -88 82 -66 81 -96 71 -86 70 46 -50 91 -17 73 -94 -90 -96 47 -54 -52 -57 11 70 62 8 69 -35 -23 -46 -20 -28 -82 -73 -85 23 88 -21 -12 83 54 -29 11 -40 -39 -32 -60 -9 49 -48 62 -4 56 53 -41 -6 -86 -84 50 4 -75 11 38 -91 24 49 -75 -38 -23 90 -70 -20 -81 -91 -27 -67 
96 94 30 -84 -62 25 1 -53 45 -8 35 30 -19 36 -46 -56 -28 26 -6 -89 49 -70 45 -40 -83 90 -73 -71 -31 64 -50 -97 -40 -59 46 -61 -37 -15 -92 39 86 65 15 31 -50 -52 -60 -66 -30 6 58 -15 9 94 57 -27 73 55 58 59 -88 82 45 1 60 -54 38 16 94 93 -33 -55 2 -19 -52 73 -52 91 48 86 86 21 -16 35 25 2 22 53 56 54 16 65 35 71 -27 -14 21 79 65 63 
-52 6 46 96 -74 37 31 0 87 40 67 -57 -68 -62 72 -75 5 -26 78 82 55 19 -97 4 -62 63 -9 -87 -26 -30 68 27 -83 40 25 89 34 -66 74 81 55 27 -5 5 30 85 -30 -51 97 57 -22 38 -28 -56 35 -40 64 27 -28 66 -99 47 0 -49 -27 -90 -71 16 20 26 35 82 55 -52 42 70 -50 -77 68 31 31 31 -47 59 87 20 7 46 -27 -13 -66 28 91 -1 90 -28 -63 -9 -6 65 
-45 73 13 -68 -1 28 -99 -95 -93 36 -28 -9 -16 -62 -87 -18 -72 -33 28 74 -67 -98 -93 -60 87 45 -79 -75 73 -77 5 -14 -48 24 -76 -78 -87 -44 6 95 -38 -57 32 -56 -26 13 48 -64 65 32 51 82 60 -78 64 -93 -62 -68 11 71 92 -59 23 23 44 25 92 39 -64 82 -59 -70 -44 21 12 -33 -64 22 -40 18 -13 62 42 72 -82 63 -67 -4 6 71 31 -28 -48 -59 57 -13 -30 -47 -74 -99 
