10
-7802 1316 -4606 2538 5546 0 -2162 8836 6298 -1034 
3230 -1900 2850 -9405 -380 4180 6365 1805 3230 3990 
-5624 -6660 -4514 3848 1406 -2072 -370 -5402 5328 -2072 
-4753 -2303 3822 3528 -245 1078 -2793 196 2450 -3332 
2262 812 -290 5568 -2552 638 3074 -986 -3712 -3712 
-960 -2160 -1200 -768 1872 4128 528 -1008 4512 -1584 
0 0 0 0 0 0 0 0 0 0 
-6142 -5229 -4565 4565 6308 4648 -7304 -5976 6308 -4648 
1287 -2343 -660 -33 957 -726 -990 -3234 -3069 -2970 
-1596 -3724 4332 1520 -5168 1140 -380 -2432 6992 3648 
