10
7869 11734 12166 24576 7543 -12344 16306 -17367 5052 8410 
-9796 -20866 -8109 12235 9551 -5111 -7682 12922 -7419 13468 
-597 -1344 14104 9341 -5564 -7053 2383 1966 -553 21601 
5527 11803 19931 -10014 1835 -11040 -287 -2389 -7168 11539 
7919 5398 -9448 -1328 5308 -2780 6525 -13421 10584 -4313 
2938 16110 5669 6321 -11997 -3359 5490 -4395 13204 3435 
9537 10815 -1236 -7272 -5931 7616 1837 -6518 -1247 -13139 
-424 6545 -4980 -384 -7370 -6343 3935 -8279 -6584 19803 
-11227 -20174 24461 -323 5566 7015 -14397 15192 -6345 -1096 
6842 15011 2403 -15807 -12364 3927 3035 452 -962 -5266 
