100
45 14 -6 -18 64 77 6 -6 -7 72 -91 -98 37 -29 46 39 -26 -89 41 22 -28 76 10 86 -38 87 50 12 -22 -27 22 96 42 24 -69 -11 7 -90 -77 -54 11 -89 14 40 11 35 -44 -62 -90 -62 22 -68 32 88 -75 -37 54 -33 41 -74 64 -4 41 48 5 -71 2 -76 -27 61 -16 -41 31 62 -42 53 -74 -8 -83 39 -90 -53 -3 43 -59 -5 40 -21 94 -96 22 41 87 -30 -15 -37 9 66 95 25 
-59 -35 -11 -68 -76 15 45 -79 -64 73 -4 33 -59 73 -75 -22 -3 -72 -2 -85 42 -82 -28 -77 -5 25 96 8 44 -93 -91 31 65 -84 87 58 -62 -15 -2 -78 -22 -92 79 -95 13 49 -89 54 16 79 -17 -21 -28 87 18 93 -24 19 -34 -83 -55 42 -46 -93 84 73 -98 -39 -96 -83 12 27 99 51 60 1 53 2 4 87 56 -27 61 75 2 24 94 -24 2 74 61 -80 -10 1 -45 -85 -20 57 4 27 
96 -49 97 -26 -73 -10 -85 98 28 -12 70 -16 -45 -7 -90 7 96 65 20 86 -44 42 62 73 -91 -97 -86 -55 -21 18 -87 5 38 91 78 60 -68 -60 93 -62 23 -73 -80 18 64 -11 -48 1 1 14 -43 38 -32 37 62 -2 -63 -1 -85 -83 22 34 -45 5 -39 71 -77 78 34 47 -66 85 -35 66 37 89 -86 -64 89 51 -29 -66 -54 72 10 -34 -32 -56 -40 68 -82 45 96 -19 9 -30 -55 19 12 -79 
-69 49 -90 73 27 -16 -6 63 -55 -58 -27 -22 -91 -50 -25 -74 -28 67 30 -11 42 19 97 -88 32 62 -39 -2 -18 -7 -60 -97 32 85 48 62 98 -79 36 98 -20 40 -6 -99 29 -82 -22 99 52 -22 46 42 93 -43 40 -79 42 78 -21 -41 -91 44 46 42 -6 -48 -80 -27 -23 43 87 -84 -47 -3 28 -36 -74 -43 33 -11 30 59 26 -26 3 -18 78 43 48 -44 42 76 -55 90 15 -85 52 45 -94 -42 
-92 -14 22 67 45 -29 -39 76 40 -20 33 -46 -4 3 -7 16 -30 -10 88 78 22 23 10 -56 83 -89 12 -74 -46 22 69 -69 48 -92 -76 67 13 52 22 -89 -77 31 14 -20 -44 33 -20 30 -24 -60 -36 -13 45 -68 19 -21 -99 -55 81 46 24 -66 83 35 -64 99 89 -75 63 -73 -74 34 39 -51 26 -48 -43 -34 35 -24 -19 -14 -61 27 -23 -67 -45 30 18 29 11 73 38 31 -96 -89 84 -87 93 -55 
-87 7 59 -25 99 35 0 49 96 15 19 40 -10 13 -70 85 -7 -61 46 -90 36 64 -61 -33 13 92 28 91 58 30 61 -72 -9 -94 -40 94 60 -81 9 -54 -19 -77 -62 -95 -12 -34 64 -56 -88 56 2 -76 66 -54 10 -82 81 89 35 -56 63 -71 57 39 -25 -40 -24 -87 58 93 75 79 66 27 7 82 71 -14 16 -53 -1 -10 10 8 -64 95 53 76 17 -7 -16 -9 20 81 -37 4 51 39 -65 46 
74 -18 30 51 -82 -70 -6 -19 -15 79 73 70 -34 40 70 -71 -20 69 -92 -40 45 -31 77 58 94 -42 70 44 56 76 -57 9 -64 70 -12 23 81 93 -60 -95 47 -20 0 -85 -97 36 64 12 -82 -51 -41 -89 33 -89 -69 -70 31 -44 18 77 -66 -4 52 11 -85 36 -60 -13 14 44 34 52 96 16 -25 -18 78 68 82 82 -23 79 4 -98 -38 -24 -92 19 87 -63 -8 -15 78 -78 -69 22 64 -41 -44 -36 
-45 37 -55 52 78 47 -12 -68 9 -41 -36 60 -99 -64 -13 -66 -74 -14 48 36 99 23 -79 74 61 -95 52 44 17 -92 -79 69 51 57 -47 96 -15 -72 42 -78 -77 -77 -42 -41 8 -79 -68 -92 62 86 5 -12 85 1 80 -46 98 -72 -24 -94 -85 86 -4 -15 -33 -49 -48 -60 56 40 21 72 -41 -93 -72 89 -64 -98 72 -50 26 90 -86 -25 -94 -15 93 54 -12 32 71 66 -51 25 89 -49 76 92 46 29 
-24 32 18 -67 -29 50 -49 -7 27 71 -75 82 44 -61 -83 62 -67 20 -6 -90 -27 -7 -82 80 -45 -17 -77 -28 -1 56 22 46 -57 -54 74 -53 57 27 -21 39 76 -45 81 24 -3 33 40 -57 56 79 94 77 5 44 -22 -1 14 82 -37 -52 -63 7 10 -37 -2 18 -23 -77 95 -97 47 92 -81 74 -51 58 6 -92 53 72 -59 -2 -10 12 22 83 -9 -30 -13 -26 87 74 0 -89 -46 -82 30 -50 57 30 
-56 5 -64 -85 39 76 12 -40 38 -45 6 3 31 8 83 0 -65 5 -22 -34 -21 -93 -11 -24 80 -76 -60 -56 42 -30 -6 68 -96 -74 -30 29 -32 -58 -30 68 -90 32 -39 -85 -49 70 60 -46 37 31 -31 -6 -56 55 -27 -90 -17 4 -61 36 13 38 76 -1 57 -80 20 53 11 -24 -67 21 13 60 -9 84 -29 -58 -51 83 0 -86 8 20 13 -72 20 23 22 -98 -2 -48 -29 41 75 79 65 -30 37 -28 
58 84 23 -51 -78 21 51 18 -59 -27 -71 93 7 -66 85 -25 30 22 61 -37 95 -38 -91 78 51 -69 40 -72 -96 54 52 -72 43 97 -25 77 53 92 -26 51 88 48 -81 53 -45 35 5 -50 19 -29 -29 70 76 -5 78 34 -91 -15 -35 -4 56 82 39 94 -56 -20 5 -1 5 47 71 81 21 43 55 57 -79 24 -85 -66 48 -66 37 -82 19 6 -8 -72 38 13 56 -39 -10 24 -15 -58 53 87 -60 -4 
21 -10 66 -99 58 -36 16 34 -42 -31 -92 -56 31 -67 -42 37 -43 62 79 -96 50 21 69 -4 -52 47 26 -98 -91 -92 84 -14 -8 -49 -36 -67 34 15 -38 4 -99 68 24 93 -70 52 -19 57 35 -39 -83 -70 67 73 34 -28 87 -21 -26 34 94 56 26 45 -16 26 -86 28 92 60 65 86 96 -86 -81 -76 -49 -93 31 39 44 -39 -39 6 56 -98 -4 -79 79 44 -79 97 -94 11 -39 -54 -87 -94 -56 69 
24 -40 -90 93 4 -37 -13 -59 -54 -27 -87 1 24 -83 13 29 31 29 80 38 -30 65 -94 10 -49 47 34 -43 71 -57 -37 97 66 -28 -41 67 -72 -65 -91 -55 13 55 41 61 54 80 20 57 53 -87 88 14 56 -75 44 -79 18 34 67 -89 65 -47 90 53 -98 -52 22 16 85 -57 -95 -35 -36 88 -21 32 66 31 8 -91 -41 1 -96 35 77 -33 67 74 8 39 96 0 79 -53 58 38 -9 -64 54 -27 
-59 30 14 -5 -13 71 -30 -45 -33 11 -49 35 -99 7 19 -82 -48 -65 -84 -56 -67 -11 36 -84 -53 65 13 49 -90 46 89 0 68 -29 16 -78 53 -4 -68 -99 43 -73 33 46 9 -92 11 -28 -20 32 13 98 -16 -56 79 42 -58 44 -21 -85 -57 -80 42 -75 91 -67 -27 -70 41 51 -66 -96 96 -56 -16 -80 58 72 -2 -60 -28 -76 -9 -63 -66 87 33 -5 54 83 60 -45 24 -7 -95 -64 76 -53 91 -36 
-52 -46 -13 91 -96 94 81 -77 8 -64 -87 57 -80 8 29 -46 -2 71 -16 16 -12 -24 37 55 -1 -38 -51 -15 -64 -27 57 2 11 -46 -84 -42 -43 3 -52 24 -11 60 99 57 -76 -58 -79 6 40 -61 27 -18 -45 -86 42 64 89 -76 58 -82 29 -31 -31 -85 -82 92 26 88 -73 -42 83 85 -17 -62 -18 -33 67 -21 70 -87 -98 0 7 58 15 82 13 -9 35 31 -2 -56 -37 -48 2 -64 65 76 33 35 
-70 -89 -63 -70 -50 -10 -3 -88 77 36 -38 56 4 -44 -18 -22 -58 -68 38 -58 -49 -26 10 -30 -14 70 -49 62 30 72 -66 -90 -71 -58 -99 79 95 -99 60 -89 -71 92 90 -20 13 -26 18 -32 88 -30 -49 51 -70 97 15 -70 -70 67 -53 -15 -96 44 -64 -80 -70 -74 -19 -51 2 81 99 13 -26 57 33 57 43 82 -67 17 50 -25 -5 18 48 80 15 -80 68 -51 73 93 87 -47 -74 38 55 1 61 -81 
36 -56 56 97 -54 32 -89 -40 -81 39 83 78 6 47 29 -99 -41 -4 90 -1 57 -83 92 72 30 -46 72 -3 70 -96 -91 61 7 22 -51 -63 19 -16 -76 -83 43 62 -22 -66 43 -47 -10 56 94 -20 1 -75 64 36 -89 -34 -42 -69 85 -41 -11 94 96 -51 35 -15 -56 2 87 10 -49 -9 -64 -29 -66 -75 -35 -79 -39 -65 -67 30 -16 -53 36 -33 -87 -83 -54 31 -41 -84 0 -98 15 -85 89 96 -48 -8 
-47 -65 18 71 -44 42 -49 93 17 39 36 -48 65 8 -43 78 -35 31 -36 32 44 66 -37 -44 9 -22 -66 52 -82 -52 -35 -98 63 -22 31 11 -18 16 37 -91 -38 62 58 82 -6 36 51 96 88 16 9 -24 85 -26 47 -72 99 44 -3 86 44 58 -15 20 -87 -43 39 92 -67 98 -49 -66 71 72 80 68 4 -32 75 72 91 34 71 -85 -53 20 40 45 66 -56 -32 -93 -90 14 94 71 43 17 -93 27 
-89 86 -7 96 62 -52 -99 75 21 51 -14 -91 -29 62 -14 -30 -48 72 52 -49 83 -13 16 92 65 -73 -11 66 39 32 40 86 -73 -91 12 19 -31 -39 -1 -31 88 62 82 0 -32 8 -63 34 -65 -11 2 47 -95 -53 -5 -7 40 38 -26 52 -65 8 62 -91 39 23 67 22 -68 50 -1 43 23 -24 77 -92 -28 -27 -18 -44 46 -42 90 -99 -68 55 -32 -20 11 -79 37 -29 -60 77 75 90 21 18 -99 -81 
7 78 -61 85 27 -39 -99 20 -18 -14 63 80 -56 -36 -3 -24 8 11 78 57 0 -59 -23 -77 -23 -98 -78 61 87 7 61 20 32 -24 66 -18 -55 48 -47 -45 47 76 0 -15 3 -11 -55 30 25 -93 -52 -74 10 -72 6 -24 83 6 -3 76 35 -29 -18 66 -47 65 -21 -87 -68 -67 -78 24 58 0 88 8 -25 75 -26 -82 54 94 12 -20 19 -93 13 -42 8 -88 -95 23 -93 15 -27 25 95 -1 82 -45 
-6 37 -31 -26 -46 -91 43 48 -8 63 -67 -11 -54 -5 -14 -88 54 33 -31 -74 79 68 -72 15 55 45 23 95 -32 27 64 14 -20 -19 4 -93 51 16 51 -29 97 -81 84 23 -71 87 -7 -26 54 -77 -77 32 -64 54 -37 66 -52 91 69 -96 -79 -6 91 -41 49 -88 -50 25 48 67 -17 68 47 6 36 -38 75 47 -91 -82 -62 -76 68 60 -68 -88 53 -53 -35 51 -9 -93 -49 -60 9 -46 12 -25 73 -41 
84 66 -79 -8 -88 85 -57 42 -25 79 -50 -14 -65 -24 81 -44 65 77 -14 61 64 15 -50 56 35 34 -60 58 -13 -90 -12 33 83 82 -43 -37 5 46 -28 -68 -7 -81 -53 56 -12 -49 -21 -42 48 -80 94 41 -83 -64 -81 68 -68 42 88 94 -59 51 -80 -61 -53 -86 0 92 88 -94 -98 -7 10 94 10 -36 -47 -82 -71 4 36 -2 -73 14 -94 29 82 18 -26 -74 5 -85 84 -1 40 -8 19 21 35 -9 
33 77 -10 17 14 66 62 41 -2 69 -25 60 99 5 -93 -62 -5 -92 -95 -53 10 -91 -15 66 9 -54 -65 7 27 -7 -6 27 93 39 41 26 -21 -43 -95 -15 -64 1 -91 -79 87 30 -60 -3 -74 -21 -2 56 65 -56 2 58 17 -50 -67 27 10 -51 -45 70 -32 -70 73 3 -13 15 18 53 94 -35 -67 -58 -40 -47 9 -59 86 -87 -16 44 82 -87 43 98 -7 -71 -23 -77 -84 1 7 -49 64 81 46 25 
99 -44 94 -68 -22 -54 61 45 57 55 44 -53 43 41 31 -28 -24 -40 40 86 63 -69 23 -70 10 63 -80 -73 -91 28 71 71 91 88 -92 5 4 56 -9 -86 34 -55 -11 -44 9 -39 53 -72 -87 94 7 21 -62 -64 -95 -23 -64 -28 -57 -48 -65 94 -66 -57 -17 49 -90 -50 -29 -61 28 -10 -12 23 -4 -64 -91 -70 -86 31 -98 50 33 -4 99 -20 2 26 45 97 68 78 92 69 -99 7 -25 75 -38 9 
-12 30 -40 83 62 -40 -33 -47 -86 -68 -51 -36 65 94 90 -68 17 35 41 -2 -59 -64 -95 -14 41 -62 -16 -6 -21 -72 10 -15 -57 -35 50 95 -84 16 -52 -98 -92 -47 -87 -31 39 21 93 -84 -64 -67 29 43 -64 -18 -63 -84 87 79 -56 -5 85 -99 76 -21 -29 39 -21 93 50 -16 -2 39 19 36 35 54 -28 86 -94 -73 77 98 47 8 -11 58 -70 72 -83 -60 82 -69 99 -52 -6 52 53 -55 -97 -95 
81 -84 -13 -82 91 90 28 -13 56 -55 66 -24 -85 24 60 -28 39 50 62 -41 -71 88 -81 18 70 20 11 95 15 37 -9 -13 4 -70 -65 -15 -55 -49 80 98 63 -88 -3 35 29 -71 45 36 69 -94 -77 35 98 28 -21 -96 95 -1 -12 -36 -3 65 27 27 58 70 68 -14 46 -15 -73 -48 80 96 63 -26 47 -42 -11 72 -90 35 -85 63 51 -11 -60 -5 -21 -40 -69 -61 -86 42 71 7 -4 -86 31 -38 
-91 21 48 -1 -95 75 -88 88 -87 -7 26 41 -96 -23 -13 -37 -79 64 -45 63 -22 -93 -77 66 65 -89 65 5 83 96 11 -19 89 17 8 -3 45 -50 -69 39 77 -95 -28 69 38 66 -33 -49 24 10 58 42 -75 -25 63 -46 -7 8 27 61 -34 -82 8 9 -71 -9 -25 -10 -8 85 -73 49 -92 96 -16 46 14 -32 93 8 -80 -90 94 93 -37 93 -73 -94 -46 -65 56 -20 -1 -59 36 -27 -59 -38 70 -10 
13 -89 -19 35 15 32 -98 -43 -20 -56 86 77 81 -21 -10 -55 -46 -76 37 55 -86 21 -66 59 52 57 53 -36 -43 72 -41 37 -43 -84 -77 13 -77 -92 -25 79 -74 -19 -54 61 -38 -41 -52 13 65 -16 62 -36 87 57 -88 -38 -24 20 31 -99 51 -1 -18 0 -17 53 59 -42 68 -22 69 -74 24 -67 13 29 -74 -10 -15 85 49 -72 81 -44 68 33 -3 -22 -4 -19 -46 65 79 11 97 -90 -36 -60 -88 -56 
-64 29 58 99 -40 -87 47 76 -83 72 -3 -27 32 67 57 -14 27 63 -62 -39 -80 82 82 -32 72 -27 -58 26 -49 52 -55 71 -82 43 -35 36 -5 98 -49 -71 58 71 -41 -17 -9 46 -40 -31 -16 -3 -39 -75 -65 3 29 83 46 -52 -39 -93 -89 65 -95 -61 -10 -69 -43 -2 38 -70 -30 74 -13 -87 59 -12 11 -98 -25 -81 -66 -58 -25 -16 5 78 -54 47 -75 -73 -51 69 -16 -86 -51 -94 37 66 -52 13 
46 -27 -99 -35 -84 -81 96 21 92 2 33 -59 -12 67 99 -57 75 -25 67 58 78 97 47 -70 27 -2 48 -39 -5 83 63 -64 -48 -5 16 -54 -27 73 82 11 15 -90 11 42 -33 9 66 -25 -64 21 -26 -56 -9 -93 71 64 10 -22 -16 56 -28 15 42 50 68 22 3 -8 -2 91 45 -82 -62 -15 -3 53 -59 -4 20 9 89 -58 -76 -39 -8 2 55 80 13 -21 87 -93 -72 21 -31 70 -45 76 91 43 
11 -51 19 -7 -72 -17 92 -31 87 53 -15 -58 85 -8 -13 62 -76 89 -25 78 95 -14 97 54 -70 -73 7 -61 -49 -23 -7 65 9 -48 -76 55 -29 -13 14 -49 -98 2 -1 30 -15 89 -18 30 7 74 19 -76 -35 -18 -98 72 31 81 -68 94 -28 5 -35 -11 -31 -66 -48 -50 28 -56 -49 -85 -13 59 -25 -38 94 10 -60 8 41 -12 -75 -87 -95 -56 66 29 -76 -30 0 71 -17 37 9 -27 -19 -7 45 85 
-25 63 45 -53 -3 38 -91 -82 -33 -70 -33 -30 73 -75 -94 -36 46 46 37 22 -50 67 77 -33 -75 80 -59 71 48 22 94 34 -68 17 -85 23 94 81 8 -24 0 20 -15 -15 -71 -89 -78 33 -33 -7 -63 -22 96 48 -88 40 53 68 55 -31 18 45 64 -6 -69 5 -78 88 -45 -8 -41 -21 40 -86 -4 -47 78 -35 80 33 89 14 37 -81 -72 -19 -4 -85 68 -67 -76 -87 -15 10 66 -71 -16 -40 44 43 
35 -95 -72 -72 -90 -27 11 -1 -27 -29 98 -25 -52 7 -46 96 -10 63 -98 -93 -15 -65 -65 -23 88 1 26 29 -48 4 -62 22 -97 82 91 -9 78 22 -9 -51 -26 6 -90 -35 -8 59 49 -8 73 -42 79 -37 -6 62 84 67 47 -42 15 -82 -64 -72 70 -80 -96 49 -93 27 -4 17 -94 -79 90 78 -77 72 45 58 97 48 16 -79 -74 -73 0 35 -82 -82 -40 22 -84 43 -46 -85 56 -71 32 61 -87 -72 
-45 -95 5 -69 -24 -8 27 -5 49 20 -47 -61 -35 -63 51 70 -44 33 -75 -43 37 -7 25 19 -1 79 54 67 -73 35 56 14 30 -33 87 -43 0 12 -74 -74 56 89 79 30 49 -79 -55 28 -10 35 75 -88 2 -63 -83 -46 48 -71 38 53 -62 -51 98 34 -58 -56 -40 4 -27 -64 -67 -44 -38 5 24 -78 45 -16 39 -4 77 -53 -49 3 89 -22 45 -16 56 36 -7 -35 63 -86 14 33 -13 -95 -21 44 
87 83 42 -63 -22 -28 78 39 37 -99 -19 68 -91 -66 79 -52 -18 -27 77 76 86 -96 -20 -89 13 32 56 18 44 -81 -24 73 47 -88 59 16 27 -79 -55 38 91 -95 98 -99 81 31 66 93 72 39 26 28 53 92 79 92 74 -61 -42 25 38 47 -67 54 4 3 70 -28 -57 -86 -60 71 -14 -38 61 -24 -21 -3 64 15 -64 -42 49 64 -85 94 -88 79 -17 -4 -5 -78 -63 -52 -27 -24 86 68 -27 9 
74 74 59 -15 13 34 88 -58 90 54 -93 51 -78 -29 50 39 6 1 44 -2 -13 -37 -6 68 88 -58 36 -8 2 -51 -56 32 15 -78 43 -10 -25 76 -57 7 90 88 -30 -98 31 -14 -53 -33 -87 28 -7 -59 44 -6 56 -78 89 78 -61 18 -93 14 -26 -30 3 -28 -87 -9 -79 -24 -67 12 -39 -85 -88 30 39 -97 67 30 -71 55 83 -39 28 -27 31 35 -87 4 43 64 0 -35 -4 -82 -9 70 -99 -75 
78 13 48 89 0 8 -67 -5 -30 85 -45 -31 -4 -41 -78 7 -11 -20 -87 -74 43 -40 -73 -30 -6 -38 93 65 -24 -11 51 -45 -76 65 91 70 14 44 -18 -81 -40 93 -38 21 -98 77 -9 -7 -43 21 -23 70 -52 49 42 -59 -84 30 26 -36 2 98 23 -60 -23 72 73 80 -72 88 88 18 55 84 -78 53 78 -55 58 58 75 -96 42 44 4 -26 58 71 -32 -11 -99 62 90 -35 20 -95 1 38 87 9 
41 73 -41 72 -47 7 15 29 72 91 97 -25 1 -39 73 49 35 27 53 -40 2 54 35 38 -20 81 -9 98 76 27 39 41 -33 -6 -89 -43 55 77 98 -61 8 -24 -34 9 -33 54 -83 -81 -21 -31 -14 27 46 -28 -40 -3 -86 6 32 70 -6 -34 -20 -77 97 -30 76 -22 -49 -96 -89 5 -77 -79 -2 -78 53 -22 -38 47 80 -48 29 59 -24 -49 21 -60 54 92 -83 62 -9 -88 -94 30 -63 -11 -66 2 
71 -41 0 10 33 -24 73 -30 -12 50 -55 -7 -29 60 32 73 -87 -75 39 -32 7 21 99 -51 80 -17 92 -32 38 97 -27 -8 91 43 -69 32 66 -77 87 -22 8 -75 83 74 -10 -28 -8 -86 90 28 51 5 90 70 -21 -37 60 -37 -37 38 61 -59 29 -59 -62 89 -56 49 65 -64 77 -76 -67 45 69 -91 55 30 -17 51 -12 -11 -30 10 69 -84 33 -30 -29 27 18 -29 52 23 86 3 43 -44 26 -4 
51 -78 -38 90 -42 55 -54 72 -66 -29 27 -76 -68 65 -8 32 86 91 22 -3 -35 16 -96 59 96 46 -64 95 24 97 -87 41 88 45 71 -18 61 -76 97 41 36 -6 92 -69 89 -22 53 90 -2 64 47 98 -25 33 -54 92 -3 -23 -14 -36 -59 -99 -52 46 -42 -60 17 72 64 87 58 50 21 95 23 98 81 -92 -90 91 39 -38 -41 93 45 -25 84 20 -1 -93 -11 52 98 -55 23 -29 -49 -38 85 59 
34 40 -29 33 -77 67 -52 83 -30 35 -77 -90 -42 39 86 29 2 -62 69 90 -5 -8 -24 -35 -16 73 43 67 -65 2 47 -62 19 9 -72 83 -44 -37 2 -27 61 -1 3 -85 13 86 36 -17 -86 75 -68 -88 57 -15 59 2 -4 -9 57 21 -37 -57 82 -65 45 80 31 -7 -17 32 69 -52 -87 -28 -57 -30 -87 83 95 -74 -37 76 47 -10 35 -33 -39 -40 -22 67 62 10 -71 -68 49 -99 -83 -60 -70 49 
-22 -79 -19 -46 -11 -15 7 -96 6 75 98 -72 -87 -45 3 59 -40 14 -49 64 86 -68 0 43 42 -88 23 -79 86 -69 -48 98 -40 4 45 96 4 -67 14 -29 93 35 88 19 34 -14 -65 17 -26 0 44 -95 -11 11 -43 25 22 -47 86 39 -82 63 -95 -45 -72 -15 -83 -87 -17 41 -12 58 -51 0 57 59 -15 46 -11 -76 -69 -73 1 96 -64 62 99 -44 35 57 4 -67 -46 -56 75 57 -75 -36 61 -33 
-4 -70 -30 -53 -69 2 75 5 -72 70 -8 -67 0 57 -3 20 -46 -99 75 -4 93 22 -48 35 -85 -31 -38 -56 -24 -29 94 -13 28 14 -56 -85 -27 68 92 -26 -58 -77 -18 28 -8 54 15 17 -84 75 7 74 -10 -28 -13 81 37 4 9 -21 84 95 40 63 -27 39 43 66 -10 90 4 -86 84 -69 -57 26 35 -29 -78 61 6 -71 -33 -57 26 95 43 33 -64 41 75 91 96 92 69 -17 -90 80 -57 4 
75 87 -16 67 -73 18 5 -98 34 60 -5 17 -9 0 -30 -16 87 45 2 16 66 68 28 -28 -90 -21 34 92 88 7 66 27 35 9 19 41 82 37 -86 59 4 38 -75 50 -52 23 48 -54 -33 -67 -45 48 5 0 86 8 -70 34 -4 -30 78 -48 49 63 -12 -68 -91 69 -50 36 19 1 11 80 13 84 -1 -70 40 -64 41 67 75 -85 34 -48 8 -53 8 -69 30 -43 -41 44 73 -66 96 -69 -68 -49 
99 60 92 -9 -38 92 -92 8 -18 46 -64 -42 -69 88 83 26 19 32 -30 34 45 75 92 22 54 -60 -68 -42 -27 7 -20 -88 -46 80 47 -13 -53 -89 -62 -61 -24 94 -66 -86 33 29 -94 24 -65 77 23 11 -80 0 16 96 4 27 97 18 7 28 23 7 -22 -66 74 -88 -35 32 -24 22 -24 -8 -20 63 -4 -13 22 -87 3 -11 -32 -86 85 34 -18 -57 89 22 -11 90 97 -13 -24 -77 -50 -14 46 -17 
63 -49 -92 -30 -45 -80 99 -32 -88 -12 -79 58 26 -70 80 74 -19 35 47 -49 41 35 -95 -19 61 -57 36 -28 27 63 48 -18 -64 89 -35 -83 -68 54 63 -54 -86 -81 -31 -10 -83 58 54 -11 21 57 16 5 -32 -90 -46 -7 90 -53 -56 -34 14 -77 -89 -82 50 66 -73 -34 -29 -98 54 16 -78 -67 15 -69 -96 -5 56 -86 1 17 -91 21 -43 -54 -73 -9 26 48 -15 9 25 -82 7 28 62 29 -19 -22 
-81 95 68 24 -37 41 -15 3 -11 -42 70 -65 25 93 -48 78 75 46 93 -65 18 -42 60 38 -43 -73 -71 -19 -68 -12 -68 -18 61 66 48 43 -86 55 19 21 26 26 24 -31 49 -5 -78 16 36 -95 -67 -52 64 -16 -51 -50 81 31 -58 74 68 -50 -7 -37 4 -25 -53 -21 26 -88 66 98 -88 8 -9 28 5 92 73 -97 -69 78 -60 48 76 29 39 69 55 -98 60 -32 61 50 -73 5 -7 44 -3 -35 
-66 78 -39 42 -78 43 59 18 -64 -47 -60 38 -37 -78 -46 85 8 -8 70 22 -92 -58 -23 81 76 84 -28 89 56 23 -21 97 -18 -48 9 89 45 -70 -74 10 65 69 69 82 50 49 -39 -63 62 34 58 -10 -81 -50 62 67 62 -18 48 -41 -65 -72 -48 34 30 59 -64 41 -17 -67 36 -96 63 -64 85 -73 23 7 90 -27 -45 -21 32 56 12 52 -30 73 -56 -2 -44 -17 -54 33 -17 -4 -86 54 -59 -9 
82 -92 -19 -41 45 -27 -40 -44 88 -63 -46 64 43 45 -35 -4 25 -93 28 75 91 -16 -31 96 54 -54 -40 33 -16 55 -94 63 4 -21 96 66 39 -71 -56 -80 -31 -26 -24 42 1 -17 -88 -51 39 31 46 77 57 55 -86 62 72 65 43 92 -32 -25 -9 -53 52 62 -2 -53 -82 17 98 -5 -36 -15 -12 -99 14 -62 3 -50 50 75 -86 -18 -29 -11 -42 -59 -78 -8 73 81 -91 56 -98 24 44 69 -85 83 
68 46 36 -77 85 32 41 -71 -87 -85 -80 -3 98 83 -68 -80 8 22 17 -49 38 -83 39 -62 -40 5 88 -26 46 -22 19 -14 -78 19 41 71 -8 40 62 -87 -93 -82 19 50 71 -40 78 -18 -9 59 18 -54 -30 -38 -59 27 -14 53 17 35 31 91 -34 -70 -42 -63 -51 -27 -76 -6 -77 -67 52 11 -62 31 -32 75 16 90 52 64 36 4 -21 46 -10 81 -32 -33 96 15 -42 43 19 17 31 -6 6 -11 
28 77 -25 -32 52 -74 -76 26 32 62 80 -68 -94 -3 -44 -99 -29 -50 -55 56 64 -29 15 78 25 62 -8 -85 46 49 71 -90 35 70 -82 23 -80 49 -24 80 23 13 24 18 -23 -53 9 -25 30 -84 -22 75 -57 18 -58 85 81 -24 39 -17 84 23 15 20 -78 11 -6 1 48 34 98 73 76 85 -57 25 -61 65 -27 -7 89 -17 70 -47 -11 -4 58 -2 85 3 -1 14 74 98 -11 37 -26 5 -6 -34 
10 -67 -86 -91 -92 -36 14 -73 -26 34 -28 -47 59 -80 85 3 -36 -16 89 -1 -23 95 53 -39 55 -12 88 37 -74 -49 -81 78 25 -80 -79 -11 -53 65 -41 -78 47 -3 -59 11 95 89 32 34 10 -77 -92 -26 6 -1 -69 71 -20 -66 23 61 23 -57 -17 -71 -42 37 97 12 66 -67 -21 -25 31 -40 29 91 -64 52 64 -51 -86 19 65 34 4 -76 -96 -42 -86 -93 46 44 91 7 15 1 -84 -79 -31 37 
53 -94 86 -53 52 -75 -69 -56 92 97 14 17 41 73 59 -11 -19 -62 -6 -6 -97 4 -40 -48 68 -37 53 78 -10 69 -62 -46 -59 -13 40 -9 -60 -45 -49 -52 -6 42 -72 64 70 15 0 -60 -76 44 32 50 -31 -76 -90 -87 70 -41 17 36 -18 -22 88 -53 7 -91 15 -41 -90 -88 78 -87 46 -98 -68 -48 -71 -29 -57 86 2 -96 63 -41 48 -42 -78 16 61 74 -96 -17 6 -64 49 -36 42 -69 60 65 
20 -81 -90 9 -31 17 95 33 -15 -4 23 -74 -37 -89 -54 -19 -75 -9 33 47 49 -82 -10 53 23 -35 -6 48 84 -90 -28 84 43 -41 -11 -94 -73 -4 -97 91 -78 -60 -79 -84 64 -82 15 8 90 -24 27 -43 88 90 33 77 -95 12 -90 6 -51 32 27 90 -70 16 72 96 63 -94 -84 72 2 -16 -71 -58 80 -90 -47 92 -46 56 -31 -12 79 -7 1 -16 -96 -45 -5 4 95 79 47 -84 75 -68 -68 -89 
-31 -58 -91 84 67 -29 87 54 -38 -1 54 -83 -98 42 65 80 -99 -45 75 61 48 69 -3 -24 -99 95 -1 92 -10 78 13 -34 -54 -33 4 -1 -61 4 -86 -1 -29 -40 29 -6 -36 -64 6 71 -56 31 49 96 85 89 5 13 -82 -78 -68 -87 -39 -40 -87 49 -58 34 -66 50 14 53 71 17 -47 32 -74 -5 86 71 89 91 48 -56 -69 36 70 82 -9 -29 77 57 -97 -36 -76 73 -32 -27 -49 63 -22 98 
73 79 38 45 61 49 -53 27 58 -23 30 36 30 -57 -64 58 -31 42 69 69 -40 4 51 -68 57 -22 -1 -22 79 -99 93 -95 8 44 -96 -17 98 39 36 -47 51 -88 19 -38 18 71 30 36 65 25 -29 -45 55 -14 -71 64 55 -36 -93 70 -54 -10 -13 -13 22 -98 -99 93 -22 95 17 -65 -54 -5 -4 87 -77 38 -75 4 84 85 -32 -29 33 96 97 -31 54 -83 -2 -50 17 -97 -27 -35 -35 -65 77 0 
-74 -94 59 96 4 78 -23 -4 29 14 75 -38 0 71 81 89 10 -48 -65 85 -28 -83 0 -52 68 -60 -19 82 -68 25 94 -42 -53 85 -54 59 -1 6 57 97 72 96 -48 -65 29 27 -55 -20 -52 35 -39 14 -94 -26 46 87 57 66 19 -50 -1 -84 90 -19 -39 50 71 -62 82 -46 81 98 98 49 33 46 37 -6 69 73 -13 90 -22 53 64 -37 86 26 -15 -90 -91 70 84 -57 -51 -17 -70 73 -24 76 
-79 25 -97 2 -1 -38 -52 49 67 8 -21 28 -86 -9 66 -5 -97 84 79 -86 -32 22 83 43 23 42 36 -29 -3 92 79 51 -41 53 -78 -25 -20 55 2 58 9 -99 -55 -66 27 -62 -81 -6 -78 68 -65 61 99 -42 -12 -34 26 77 -6 -83 19 43 14 62 20 -65 17 77 -45 12 -86 -50 -3 34 -17 44 7 -2 -93 35 0 -23 36 79 -82 -3 81 95 -47 -93 -55 19 29 -80 25 12 -93 92 82 63 
22 43 15 31 13 -35 55 -30 -90 97 13 0 65 -67 -83 7 77 -52 -98 -79 -94 53 -42 -93 -25 -84 -97 27 68 16 88 -76 -76 -42 49 -29 -50 -87 -63 91 39 -38 -30 -71 -44 52 53 -89 76 18 -2 24 35 98 45 36 -83 -50 50 -69 -68 53 86 70 -20 91 -28 0 13 -39 80 78 77 40 -80 96 -47 -14 -63 -47 56 74 -68 85 -63 25 35 96 -41 -57 16 -89 38 85 -61 -52 24 -89 86 46 
-78 -15 -48 99 -47 -84 84 67 -11 42 67 -73 76 46 80 -54 -15 -58 99 70 -14 71 -37 -84 -26 -81 -13 -35 3 10 -26 -68 40 61 96 -47 -27 -34 31 42 39 61 -36 -13 38 -70 -37 77 -65 -47 89 35 -70 -21 63 57 -30 90 -13 88 42 49 27 -90 -88 57 -60 -67 25 30 -59 -88 -74 12 84 50 22 -88 -20 -86 50 -40 3 -32 98 35 -29 76 -29 2 38 -80 45 78 52 -7 -75 -26 -82 93 
-26 79 -62 -3 -84 -75 36 -70 89 -89 -56 -84 45 -75 -83 70 -19 74 83 75 35 48 53 83 -37 -51 2 28 -83 70 -54 -13 65 -57 28 -81 -79 93 -94 2 -53 -93 12 -24 77 -57 51 -24 -21 60 81 -12 63 20 -40 -93 -10 40 -92 20 -34 5 88 -72 -76 49 -36 -79 35 -59 -76 4 14 10 90 -51 -48 -33 43 12 -60 -48 53 -91 73 -94 -39 -61 -96 -9 79 -63 1 -35 84 -74 -48 -45 -26 14 
-4 85 3 -29 20 -7 94 -15 49 15 74 72 22 36 -30 27 57 87 -60 96 56 -93 39 -89 59 63 88 86 -67 -54 -99 -95 -77 -58 65 31 79 23 20 63 -66 99 2 10 33 -4 80 -36 57 78 60 -9 50 18 -9 36 95 12 -67 78 94 -96 68 -73 -24 -14 -86 11 -55 -68 9 -9 -54 32 98 -27 88 45 -21 -98 -42 53 98 62 -70 -44 14 34 38 53 -3 -66 44 39 8 -25 99 -41 30 32 
20 12 81 7 5 -50 51 75 -45 -74 73 -81 -41 50 -91 -87 -12 8 70 60 -67 -44 -63 -23 -98 24 2 45 81 61 -92 45 20 18 -60 44 14 -80 22 57 -28 -24 -84 -78 -28 -33 89 41 -38 64 65 92 0 84 24 -36 -33 -4 76 -42 88 25 -78 -37 -28 -97 -40 -67 -18 6 -78 89 63 -5 -61 48 86 -99 -9 41 -31 72 51 9 42 2 -58 15 -81 20 1 97 -64 43 -10 -6 -50 -53 -65 63 
35 -65 -60 37 -69 47 -13 -4 39 9 -32 5 38 -88 91 -83 -93 63 -82 9 -53 89 30 78 -53 -27 44 -22 -62 -42 -64 -76 10 92 10 -3 -79 -11 -81 28 -56 46 -72 50 -88 -77 -1 -48 88 -44 -72 58 22 -72 24 75 -39 -3 30 46 34 77 46 97 -76 -1 -53 27 -40 11 -63 -98 -37 -37 53 -7 -90 42 -72 10 -75 95 -43 -34 -40 -13 60 29 -4 99 -30 -35 -15 -94 93 -2 -28 -33 43 80 
85 -38 55 68 -95 -97 8 9 0 -63 -86 87 2 27 -61 -98 -45 -83 27 -94 48 -12 33 -76 -89 -94 -78 66 61 -95 72 -60 -81 -45 38 79 -47 75 0 -92 62 0 -62 72 84 89 85 -70 48 -41 -40 -31 92 -29 67 79 48 72 50 -93 -53 -16 18 -49 53 -34 -10 -22 -59 85 50 57 -45 -42 61 84 -84 87 21 76 -6 -45 -30 -21 -48 -51 -65 81 -55 -73 12 85 -38 -26 77 22 67 98 32 -94 
78 -2 -6 56 -86 -3 23 -62 83 84 -17 64 57 74 -81 58 92 20 -25 9 63 53 87 66 18 -29 62 -44 49 -13 29 31 25 74 10 -67 -42 32 42 10 91 77 20 -21 16 80 10 23 94 11 73 -26 -92 -99 33 6 6 -68 60 53 -66 -73 -72 -45 -51 -24 -42 -56 -49 42 83 -92 -46 -77 -71 66 -37 3 -71 54 50 -55 -5 43 -34 43 -44 94 -68 -52 39 43 -98 11 82 38 -69 88 -26 40 
-69 69 -76 -1 -71 71 -84 5 99 62 -29 29 -34 39 -14 54 34 -78 -97 79 42 35 47 -51 44 60 66 -62 -33 -6 11 73 -77 -50 19 14 -75 -25 -65 32 8 80 -19 -16 -42 -90 34 3 90 -30 70 9 35 8 10 -42 -98 -42 58 -58 30 74 96 -80 -8 48 37 -83 91 -56 19 84 52 70 -54 -10 -10 -34 76 -84 24 18 2 23 -82 -59 68 19 58 -82 -12 97 73 -98 -59 -48 -17 -71 -5 27 
94 84 80 -7 -29 43 67 -59 -63 -52 -6 -23 39 28 49 -40 -57 -93 38 46 11 81 -70 -49 96 -20 64 40 57 80 -82 -33 -90 33 42 -51 -48 -60 -41 30 -79 -10 -51 74 -85 85 48 21 -53 39 19 -21 36 -14 -97 74 74 10 0 83 83 -75 -23 -20 -39 23 -24 -24 -39 28 -20 15 -25 25 45 53 13 -56 -91 -34 -62 -65 52 -11 -10 32 -60 7 -99 -44 -36 8 47 76 28 14 -84 -52 -35 -6 
-58 -26 35 78 48 -22 5 -77 73 -49 24 -11 -24 -14 -5 -58 -94 84 84 -87 -23 -94 -21 -94 -23 81 1 -93 -44 -35 36 80 -45 -29 42 -99 -69 39 -39 -80 15 -85 -2 -89 98 -84 -85 -66 -69 65 -6 53 83 16 17 -39 13 14 -28 61 -27 28 32 -51 33 9 -1 -9 -72 60 53 46 -64 -91 47 47 54 -93 -42 -46 -7 32 7 54 -16 -32 62 -76 12 77 -36 -25 -91 18 6 3 -71 74 -86 88 
58 89 -92 -2 -20 -66 -67 78 40 7 20 91 62 -99 71 99 85 -90 43 38 73 -62 13 -26 13 13 90 77 -31 81 -58 28 -82 35 27 -32 4 -80 99 -88 96 -75 71 -5 -42 49 -53 -60 -29 46 37 -89 10 -10 -32 -49 -15 88 96 -95 -6 9 -16 -60 14 -60 -8 -90 42 -72 -68 -48 -23 -34 97 -56 -56 -78 9 86 9 51 -69 44 13 26 -47 -44 99 -88 -16 44 91 94 21 49 -96 37 -69 -58 
45 79 97 99 -51 -37 29 45 61 88 -22 14 76 -10 -41 36 -12 31 -23 3 -52 16 -78 -49 60 -91 -21 -54 -79 -42 -16 77 -61 26 8 83 57 81 10 -29 1 50 -15 25 -36 58 -33 -17 -48 -11 57 71 97 -3 25 -89 12 83 -71 46 -21 -4 -96 91 -37 15 -43 -71 -73 -54 61 19 95 36 -92 -14 -27 47 -52 -60 33 12 -41 32 95 42 -41 -96 38 -88 89 -2 35 41 -78 -12 2 89 47 89 
94 -88 19 -82 61 -61 37 -9 53 77 -95 -6 6 7 59 55 4 74 -6 74 74 18 90 12 30 -22 -52 3 -10 21 -70 -83 -56 63 -69 -40 -77 -88 12 97 -66 -1 -76 60 94 76 13 6 -73 8 20 -73 -96 21 -25 -9 79 -45 -93 -69 -30 -87 -1 -12 -96 14 -12 66 19 39 -55 58 -15 -75 -34 82 29 54 91 43 -50 86 69 -69 88 -65 -70 5 -53 -19 67 -1 31 -74 -70 47 -18 -93 -69 -82 
2 68 -36 -75 -38 29 -59 -99 -74 -97 -93 91 4 -48 -80 -16 -98 -95 90 83 42 -3 45 -6 -91 23 -55 64 31 78 44 28 -99 -61 -55 -95 64 82 -31 52 7 44 20 -32 67 39 95 78 -3 -63 71 84 86 4 1 -66 52 24 76 -28 21 -68 25 5 -8 -76 -27 -92 -65 52 52 -99 11 34 5 55 -39 48 67 37 74 -33 -36 -34 47 68 40 -2 89 81 -31 -66 93 -71 -16 83 -1 23 15 -62 
-69 -34 69 42 -77 -45 -86 -35 19 73 -15 46 -56 59 8 44 -63 -19 17 63 -43 76 82 -59 42 -71 43 -66 88 99 48 26 -12 -17 -19 32 -97 -49 -58 1 91 4 -56 -16 -68 9 -81 -1 -51 65 -70 33 -89 83 21 -52 -96 -79 -63 47 74 -54 -70 -98 -44 -76 22 -10 95 30 -98 -34 4 61 -15 30 -60 -60 95 8 55 -92 -12 -91 47 44 1 71 -40 88 13 18 -49 14 61 53 -4 5 -22 -68 
86 62 16 -40 -37 -72 28 55 51 -31 13 9 -61 -44 16 -14 -90 24 -83 57 -58 -53 31 64 88 91 -5 3 47 -95 -21 35 -23 48 53 40 85 12 72 94 -72 79 27 36 63 51 -17 -75 23 21 78 -52 23 2 31 -29 -94 88 23 -34 -36 32 33 -27 46 -85 -5 -33 5 -75 64 12 -57 -19 38 20 71 -97 70 12 -44 -37 74 -53 -43 29 -70 -51 -68 -85 -79 -80 -90 57 94 -86 86 -80 35 55 
-4 -68 -39 -31 -82 49 -40 -79 -82 10 73 33 54 37 -98 21 11 59 -76 39 -54 7 -59 -61 31 46 -68 -74 -65 -82 -88 -11 48 35 -1 -47 50 -16 -14 60 69 72 64 0 48 -38 40 33 30 -8 92 46 35 0 81 -73 -83 -4 56 34 -58 -44 -22 -55 65 -39 -39 -83 -14 -48 -79 -12 40 -18 -4 -44 -24 -15 50 9 -28 51 -76 69 -1 -10 21 -51 4 97 -6 29 -96 16 -1 61 59 -99 44 -93 
17 -88 -19 19 -11 96 34 -95 -9 -51 34 -65 -25 58 -15 -95 21 -64 -81 99 -26 5 84 -68 -71 -64 17 -25 90 -27 -13 1 78 89 -68 96 -78 -99 88 80 -44 26 42 94 -46 99 -10 42 59 57 8 37 -44 -99 76 -78 -95 -46 90 84 0 27 -55 37 19 -98 -53 -9 86 -57 -49 80 51 51 -61 68 -61 -79 -66 70 -81 -93 6 -84 -12 97 0 79 98 -31 -48 82 5 -26 83 84 3 98 -48 39 
-84 -36 22 62 -36 -78 61 -3 70 63 20 70 -81 95 -25 -85 91 38 97 -91 23 10 17 92 -31 -11 -18 41 -31 89 -56 69 -49 39 -82 -51 31 -68 -32 -16 3 -66 -65 88 88 98 -14 -18 63 91 -43 -52 -30 34 -86 -67 69 -27 29 98 -30 82 -61 -59 -86 36 65 23 -33 34 -44 97 36 65 42 66 -94 -77 62 23 83 -43 -21 94 10 62 -52 52 63 26 31 80 -26 12 -38 10 -95 -45 -27 -68 
-1 -84 -59 -33 -83 -78 51 -26 90 -34 -99 42 -92 -68 42 -57 -6 -90 -29 61 18 -89 -63 39 -9 -56 -16 -5 70 -15 24 84 1 -76 44 -83 -33 95 -48 -56 12 25 79 70 5 -25 -27 -83 -48 -78 47 65 -84 47 -92 -80 -54 71 -74 -91 -62 51 -48 -81 -42 66 5 -32 25 42 78 7 -49 93 56 -95 -41 37 76 -63 90 -94 -11 0 47 57 51 -97 74 -15 -86 -72 -57 73 -32 -98 34 84 -93 -96 
-92 -54 -22 -49 98 -42 -33 -32 -70 5 2 -51 -67 -1 -49 31 21 23 -44 -10 60 3 26 56 -28 97 28 -4 -25 -88 45 3 -56 -14 78 -68 -37 1 94 46 57 89 14 -68 -22 -66 -32 85 88 23 19 18 31 42 18 -70 20 -98 -99 -5 36 77 -5 43 41 71 -50 -67 92 -62 0 88 62 -36 52 27 38 -28 -44 52 -54 -70 54 -15 94 11 -76 -55 -69 -75 36 -79 52 -89 10 92 -46 42 -87 -36 
-46 -57 -75 -58 -91 -98 74 2 -93 -94 -26 -82 71 14 -48 -82 5 19 -12 -72 58 -65 -39 -45 -27 -67 -42 51 81 -69 -37 2 -12 53 -79 77 8 -99 45 -76 -46 -80 95 -37 -78 73 82 70 27 32 -60 -65 3 -37 81 -22 58 60 -82 -16 69 35 44 -16 -49 -30 54 67 18 24 -54 85 -70 -68 -59 97 -71 -96 94 -70 73 17 50 -84 -54 -96 84 -33 15 75 -86 -86 9 -86 45 -59 -89 -11 3 -90 
-25 63 33 78 96 -14 71 61 43 -38 52 75 32 2 1 51 -22 -87 -66 -7 -4 21 -84 -36 38 -12 -65 2 46 -64 -75 98 92 -61 -19 -79 98 57 -67 24 -75 -34 94 -15 -23 9 26 17 -28 9 -58 -45 65 2 42 15 72 76 27 -73 -79 31 -78 26 34 -99 71 -6 87 -85 -85 -16 77 33 -24 29 -45 -11 -99 -80 45 72 97 -15 -67 53 88 -19 -59 -74 -85 -32 2 -40 -23 45 39 -6 68 -23 
64 59 -48 34 -12 8 -4 78 -4 93 -56 25 28 -18 4 -27 -44 -61 -4 70 -15 11 69 8 77 0 -48 4 -7 -6 80 -23 -57 -81 60 97 54 63 -67 30 -94 -2 26 98 -71 74 -56 42 70 19 -81 -12 58 -62 44 -40 -23 28 -14 48 -39 5 -38 61 79 -83 -68 -7 52 36 -89 9 5 -90 -40 -1 68 -46 -58 -56 -76 -84 23 -1 61 40 -64 -36 -24 -84 -98 -47 -11 59 46 64 15 -60 -60 36 
4 -41 67 -94 -6 -37 38 15 14 16 41 55 10 -21 89 -66 -60 -19 -80 -9 -68 61 -6 -81 99 54 81 -21 63 -61 -64 -97 47 58 85 -27 16 91 99 65 48 57 92 -14 4 25 -25 51 17 -46 53 -91 76 -70 -89 -20 95 79 24 95 -11 -75 -14 34 93 26 60 -45 -70 22 -72 -38 94 -69 -38 -24 22 61 17 37 -69 14 -62 76 -41 44 -25 -68 93 90 47 -66 0 -94 99 97 37 15 -34 31 
37 -56 -13 15 -8 -42 -7 -42 97 29 -34 -55 97 -56 -13 21 38 -71 -11 -4 53 -31 1 42 18 19 33 -9 84 -93 56 7 -44 44 19 30 24 -83 10 -38 -26 61 51 -83 46 57 92 -39 20 -35 -30 94 -84 62 -51 -3 8 -71 22 -23 20 45 63 -84 -53 -30 -86 -91 -78 53 48 -21 41 88 -19 -4 85 -1 96 -52 55 -2 -55 -23 0 -89 -36 7 -14 -36 -19 76 -57 -27 66 90 -82 31 37 46 
59 73 22 33 67 38 8 -13 -99 -62 -19 58 -58 -60 21 19 -61 -82 -63 -91 73 49 -97 9 -6 90 -43 90 -46 3 -95 70 -7 11 -73 39 2 -34 68 -76 27 43 77 -64 53 -40 -15 97 75 18 33 -35 -22 -93 -5 56 31 -67 -28 -29 -76 -12 40 36 55 -36 -31 11 -95 -11 -94 1 -90 -56 63 -18 -50 -42 36 -86 -65 73 -33 -61 -19 -84 -58 61 -44 -41 -41 17 70 -51 -16 94 -38 27 34 -8 
-51 21 12 -22 38 1 -39 31 94 31 52 67 18 75 -3 19 -54 -76 -91 32 49 92 -17 -57 18 -84 19 92 69 -44 21 52 -47 39 91 -25 19 34 70 12 71 4 -76 -13 77 11 -7 92 48 -30 72 -64 -30 -12 49 -41 37 -91 -89 39 -15 35 40 26 -83 -51 61 76 99 61 40 15 -29 -34 -47 -4 36 -70 -25 -58 -91 93 88 -95 26 93 -21 37 -88 17 32 40 90 80 15 -89 82 51 -17 -73 
-23 -36 63 28 1 65 57 -86 -62 -55 -30 -90 -6 -9 27 31 34 53 72 -20 67 -13 42 -37 84 -32 -51 63 8 -23 66 -64 57 -50 -54 0 76 49 30 -76 67 30 -46 -96 83 26 34 -26 -72 -91 -93 18 46 29 72 -94 40 -30 -77 74 27 20 64 74 64 25 38 -23 96 -6 12 38 89 25 49 -73 70 23 5 16 -53 28 7 77 35 84 -63 59 82 22 98 26 56 1 -57 -58 28 -11 -27 98 
5 -31 24 -37 -16 93 -11 77 -41 68 -21 74 -16 -22 43 -20 67 88 62 -86 -23 -11 -19 32 -76 -60 16 -32 -37 -93 -9 4 -79 43 97 -98 -93 -68 -13 82 -70 44 -58 90 -28 -14 98 -20 -47 39 85 -79 69 -2 -42 -98 99 -19 9 77 -74 36 82 91 81 -56 76 20 60 33 -66 33 -51 96 -44 -93 -41 -57 2 -45 83 -69 -73 -41 20 -96 93 -61 -95 4 56 91 -47 34 -83 -9 33 -68 20 -86 
92 -51 68 -85 90 32 -33 56 39 1 61 18 28 -47 -85 5 -65 93 -68 77 38 78 -22 -7 -5 -51 38 -40 -32 -7 63 -60 -33 -35 -25 -56 74 -78 -2 -94 18 -23 62 39 5 91 58 -2 94 79 96 -51 -92 8 2 -4 -18 95 10 84 -7 46 21 17 -44 24 -18 30 -63 31 83 47 15 80 5 54 7 62 -20 -94 32 -26 24 77 39 54 36 7 -46 50 2 -51 58 70 -10 -37 44 -62 -33 47 
21 89 4 -29 -8 52 35 61 10 -91 48 -74 -76 81 -38 -49 66 -54 -65 32 -68 -17 67 30 27 -27 -57 21 66 -26 -51 -34 -78 20 22 -3 -38 30 43 20 98 3 41 81 -79 -29 38 87 -60 4 97 -96 48 -70 -63 -29 11 60 -66 -67 98 1 -37 -84 6 76 75 71 -21 12 0 -80 -60 -83 -46 32 -39 74 -73 -99 -82 80 71 -49 16 52 -48 42 30 32 27 0 -1 12 -11 -7 -38 42 -16 -27 
-55 58 21 -88 -20 78 56 59 -45 18 46 97 -92 -45 -52 -67 59 -21 -64 75 87 -82 -31 -43 69 -65 85 53 -83 94 44 -26 8 27 36 -24 40 52 -33 11 -3 91 -38 17 -5 -62 -38 36 -17 62 58 65 95 9 -19 -36 -8 88 55 -83 44 -57 -98 -90 -38 -94 51 57 59 -8 -83 30 -42 -86 -82 95 -89 1 99 12 35 -12 31 -94 -53 60 -98 -54 94 56 -80 32 34 21 11 -21 -21 6 88 -6 
87 51 -54 88 21 -36 36 -8 33 -87 -44 -93 -87 -32 -18 -18 -85 24 -87 -77 18 19 37 76 87 98 41 8 77 43 -87 -78 -50 -22 -22 -80 -49 -12 -11 2 -14 -95 -60 -73 22 -53 -18 -23 50 -23 75 75 -85 15 -80 89 47 2 7 -14 -78 56 -96 5 -76 -82 81 -44 89 58 56 -21 -30 67 -62 -23 86 61 51 70 -83 61 -2 -49 -82 -50 -47 9 -58 23 70 -65 22 -52 -83 -31 60 -58 -64 55 
-42 -91 -1 6 33 -42 -18 -8 -63 46 19 -64 56 -50 -35 -12 -64 -10 6 -2 -27 -86 1 99 66 17 91 -96 -73 -79 -35 -26 57 -62 57 -2 70 -4 -79 67 -14 98 -4 11 -73 -23 9 -75 61 -34 -42 53 60 91 -13 24 -73 92 -24 -72 1 51 11 -39 68 -60 -49 96 88 58 11 61 92 11 -95 29 94 -64 -90 -74 30 99 34 -3 31 -32 -41 -50 -20 63 0 54 7 -71 56 32 -18 -30 77 -60 
6 25 57 -6 -41 -96 -54 84 39 21 -10 -80 23 -53 72 14 27 83 -8 78 -12 82 70 61 -85 76 31 30 38 80 -18 61 -13 32 -57 -83 2 95 -66 36 89 18 -79 -2 3 -76 -77 55 -29 -24 -22 40 24 33 41 -46 -59 79 11 -40 -15 51 -46 -42 -23 17 97 -25 18 -33 94 -30 -51 -86 48 -54 43 -24 -17 31 28 -89 -48 96 -61 60 -88 99 12 -14 19 55 88 -71 -38 88 -36 -91 -39 10 
48 -41 -64 2 35 85 -63 -87 -5 -88 61 -53 -54 15 -39 70 97 -97 26 97 -94 -91 -45 -19 -77 83 55 73 -15 -34 -12 93 -87 -89 -93 14 -53 -24 25 -56 -41 68 -88 -27 49 81 65 -53 -90 -35 -56 -26 37 18 67 29 43 83 96 32 -13 -20 -20 -74 -55 -76 72 44 -74 -44 33 47 12 -20 -32 -24 -25 -36 6 7 97 -22 -98 -16 -57 84 -53 -12 51 -38 -44 -23 98 67 15 -98 56 94 -25 -37 
-6 58 27 -8 -55 -26 -56 -20 7 -23 -66 29 97 4 14 13 67 73 0 -57 59 11 -79 16 92 76 -82 -21 72 -85 -28 71 20 48 19 43 59 42 97 -20 9 33 79 86 56 99 12 -92 98 78 -89 7 93 54 -43 88 -12 -18 -6 81 -3 73 30 31 -82 17 31 31 -28 39 34 -75 21 -93 22 -54 -33 50 -32 13 43 56 -24 -77 24 -90 -93 93 -84 -43 91 90 79 -78 -69 0 46 -82 -99 -55 
10 81 37 64 66 34 15 73 69 40 -30 -33 16 26 38 -3 -96 -75 29 95 -14 -30 7 -81 15 6 1 97 -55 34 77 3 13 -52 -63 76 -56 -84 63 30 -84 -87 -16 -29 -22 68 -47 95 -38 -23 -74 -80 23 -15 -51 -91 79 68 45 75 -3 -19 22 58 2 79 -25 2 33 44 -20 70 -96 -91 -11 -9 70 -70 -13 -83 -59 -60 11 21 29 -39 -61 31 59 -86 -51 -23 -31 98 -58 52 -24 47 -60 -25 
26 47 58 16 -58 -3 41 18 13 -52 21 -80 -39 80 -21 16 52 53 -59 85 -13 78 76 10 -66 59 -11 93 -22 85 -35 -37 -6 -57 72 -21 -12 -56 12 -58 -93 59 15 59 57 -70 71 85 -81 81 -63 -99 76 90 4 -53 -51 -4 -69 -80 -35 87 -4 -42 -79 -52 72 -29 -90 -90 -82 16 -39 62 -59 53 44 17 -60 -28 -96 57 50 4 -82 9 -13 52 -18 39 10 95 73 80 -8 -14 -98 73 -74 97 
20 52 -13 -81 -99 -49 48 -83 46 -5 -18 45 57 -7 86 80 81 89 94 22 -21 -21 86 -51 86 -50 -74 98 -55 -6 40 29 -51 -7 -72 95 29 -18 -65 -42 34 -14 77 -25 12 -42 -72 49 -83 49 -61 -19 -65 72 -38 -30 30 47 46 43 -28 -20 39 62 33 77 -7 -49 -37 7 -56 48 94 -33 47 -78 -87 -44 69 54 87 -63 82 82 -47 -33 -16 -53 46 -17 83 -68 84 97 26 -8 -74 51 48 -14 
